379 254 1863 1
388 230 1913 1
390 103 2008 1
401 59 2043 1
333 163 2067 1
323 208 1977 1
328 243 1869 1
328 258 1847 1
405 127 1881 1
391 171 1740 1
378 219 1704 1
377 234 1719 1
362 276 1881 1
340 404 1806 1
334 497 1755 1
317 514 1695 1
395 270 1811 1
397 403 1745 1
393 502 1689 1
378 520 1630 1
379 253 1864 1
388 230 1913 1
389 103 2006 1
401 59 2043 1
332 163 2069 1
323 208 1980 1
327 243 1873 1
327 258 1851 1
404 127 1877 1
391 172 1737 1
378 220 1704 1
376 234 1719 1
362 276 1884 1
341 403 1808 1
334 497 1754 1
317 514 1695 1
395 270 1810 1
397 403 1746 1
393 502 1690 1
378 520 1631 1
379 253 1865 1
388 230 1911 1
389 103 2004 1
400 59 2040 1
332 163 2071 1
323 208 1983 1
326 243 1876 1
327 258 1854 1
400 130 1859 1
389 177 1725 1
376 227 1704 1
376 234 1719 1
362 276 1886 1
341 403 1808 1
334 497 1754 1
316 514 1699 1
395 270 1810 1
397 403 1747 1
394 502 1690 1
377 519 1635 1
379 253 1865 1
388 230 1911 1
388 103 2004 1
399 59 2036 1
331 163 2072 1
323 207 1984 1
326 243 1877 1
327 258 1855 1
400 130 1858 1
387 179 1727 1
375 229 1706 1
375 236 1720 1
362 276 1887 1
341 402 1809 1
334 498 1753 1
316 514 1698 1
395 270 1810 1
397 402 1748 1
394 502 1690 1
378 520 1635 1
379 253 1865 1
388 229 1911 1
387 103 2003 1
398 58 2034 1
331 163 2072 1
323 207 1985 1
327 243 1879 1
327 258 1857 1
398 126 1865 1
388 175 1735 1
376 225 1705 1
374 236 1720 1
362 276 1889 1
342 402 1810 1
334 498 1753 1
316 515 1699 1
395 269 1809 1
397 402 1748 1
395 502 1691 1
378 520 1637 1
379 253 1866 1
388 229 1911 1
386 103 2001 1
397 58 2032 1
331 164 2072 1
323 208 1986 1
327 244 1879 1
327 258 1858 1
397 125 1867 1
388 174 1735 1
377 229 1750 1
374 248 1761 1
362 276 1889 1
342 402 1810 1
335 498 1754 1
317 515 1699 1
394 269 1809 1
397 402 1749 1
396 502 1692 1
379 520 1637 1
377 253 1868 1
386 229 1914 1
386 103 1999 1
396 58 2032 1
331 164 2072 1
323 208 1987 1
327 244 1879 1
327 258 1858 1
401 130 1877 1
388 175 1733 1
377 229 1750 1
374 248 1761 1
359 276 1893 1
342 402 1810 1
335 499 1754 1
318 516 1695 1
393 270 1811 1
397 402 1749 1
396 503 1691 1
380 521 1633 1
376 253 1870 1
385 229 1914 1
386 103 1998 1
395 57 2032 1
331 164 2072 1
323 208 1987 1
327 244 1880 1
327 259 1858 1
396 127 1883 1
388 173 1737 1
377 229 1750 1
374 248 1761 1
359 276 1894 1
342 402 1811 1
336 499 1753 1
318 516 1696 1
391 269 1813 1
396 402 1750 1
396 503 1691 1
379 520 1634 1
377 253 1869 1
386 230 1913 1
386 103 1996 1
394 57 2032 1
331 163 2072 1
322 208 1986 1
327 244 1880 1
327 259 1859 1
394 130 1870 1
387 177 1727 1
377 229 1750 1
374 248 1762 1
360 276 1894 1
342 402 1811 1
336 499 1753 1
318 516 1698 1
392 269 1813 1
397 401 1751 1
396 503 1691 1
379 520 1636 1
376 254 1870 1
385 230 1913 1
386 103 1995 1
393 57 2032 1
330 163 2072 1
322 208 1985 1
327 245 1879 1
327 259 1857 1
394 130 1867 1
387 182 1741 1
374 250 1765 1
369 277 1781 1
360 276 1894 1
342 402 1811 1
336 500 1752 1
318 517 1698 1
390 270 1815 1
397 400 1752 1
397 503 1690 1
379 521 1636 1
376 254 1871 1
385 230 1913 1
385 103 1994 1
393 57 2031 1
330 163 2071 1
322 209 1985 1
325 245 1876 1
325 259 1855 1
394 130 1865 1
388 181 1732 1
374 249 1764 1
369 278 1782 1
359 276 1895 1
342 402 1812 1
336 500 1752 1
318 517 1697 1
390 270 1816 1
397 400 1752 1
397 503 1690 1
380 521 1635 1
375 254 1871 1
385 230 1914 1
385 103 1994 1
392 57 2031 1
330 163 2071 1
320 206 1990 1
325 242 1882 1
325 257 1860 1
393 129 1875 1
388 178 1736 1
394 237 1782 1
391 255 1794 1
359 276 1895 1
343 401 1813 1
336 500 1752 1
318 517 1696 1
390 269 1817 1
396 399 1753 1
397 503 1690 1
380 521 1634 1
375 254 1871 1
384 230 1915 1
385 103 1994 1
392 57 2031 1
330 163 2071 1
320 207 1987 1
328 244 1883 1
328 258 1862 1
396 131 1876 1
389 178 1728 1
394 237 1783 1
391 255 1794 1
359 276 1895 1
343 400 1813 1
337 500 1751 1
319 518 1693 1
390 270 1818 1
396 399 1753 1
397 504 1690 1
381 522 1632 1
375 254 1872 1
384 230 1915 1
384 103 1993 1
391 57 2031 1
329 163 2070 1
320 207 1987 1
328 244 1883 1
328 258 1862 1
395 131 1873 1
384 178 1728 1
394 237 1783 1
391 255 1794 1
359 276 1895 1
343 401 1813 1
336 500 1750 1
319 518 1693 1
390 270 1819 1
396 399 1754 1
397 504 1690 1
381 522 1633 1
375 254 1872 1
384 230 1915 1
384 103 1993 1
391 57 2031 1
329 163 2070 1
320 207 1987 1
328 244 1883 1
328 258 1862 1
394 128 1876 1
399 161 1755 1
401 212 1761 1
398 227 1771 1
358 275 1895 1
343 401 1813 1
337 500 1750 1
319 517 1693 1
389 269 1821 1
397 398 1754 1
397 503 1690 1
381 521 1634 1
375 254 1872 1
383 230 1917 1
384 103 1992 1
391 58 2031 1
329 163 2070 1
320 207 1987 1
328 244 1883 1
328 258 1862 1
399 137 1877 1
398 164 1740 1
402 215 1764 1
398 227 1771 1
358 275 1895 1
343 400 1813 1
337 500 1750 1
320 517 1690 1
390 270 1822 1
397 398 1755 1
397 503 1690 1
382 522 1630 1
375 254 1873 1
383 230 1917 1
384 103 1992 1
390 58 2031 1
329 162 2069 1
320 208 1986 1
324 244 1878 1
324 258 1857 1
398 136 1877 1
398 164 1743 1
403 215 1764 1
399 226 1771 1
358 275 1895 1
343 400 1814 1
337 499 1749 1
320 517 1690 1
390 270 1823 1
397 397 1755 1
397 503 1690 1
382 522 1630 1
375 254 1873 1
383 230 1918 1
384 103 1992 1
390 58 2031 1
328 162 2069 1
320 208 1986 1
326 244 1881 1
327 259 1860 1
399 137 1876 1
398 164 1741 1
402 215 1764 1
399 227 1771 1
357 275 1894 1
343 400 1814 1
337 498 1749 1
321 516 1689 1
390 270 1824 1
397 397 1756 1
397 502 1690 1
383 520 1630 1
374 254 1873 1
383 230 1918 1
383 103 1992 1
389 58 2030 1
328 162 2069 1
320 208 1985 1
327 244 1884 1
327 259 1863 1
399 137 1876 1
398 164 1741 1
403 215 1764 1
399 226 1770 1
357 275 1894 1
343 400 1814 1
337 497 1750 1
321 514 1689 1
390 270 1825 1
397 397 1756 1
397 501 1690 1
383 519 1630 1
374 254 1873 1
383 230 1918 1
383 103 1992 1
389 58 2030 1
328 162 2069 1
320 208 1985 1
327 244 1884 1
327 259 1863 1
398 136 1876 1
398 164 1743 1
403 214 1763 1
399 226 1770 1
357 275 1894 1
343 400 1814 1
337 496 1750 1
321 513 1691 1
390 270 1826 1
396 397 1756 1
398 499 1691 1
383 518 1632 1
374 254 1874 1
383 230 1918 1
383 103 1992 1
389 58 2031 1
328 162 2069 1
320 208 1985 1
327 244 1884 1
327 259 1863 1
399 137 1876 1
398 164 1742 1
403 214 1763 1
399 226 1770 1
357 275 1894 1
343 400 1814 1
337 494 1750 1
321 512 1690 1
390 270 1827 1
396 397 1757 1
398 498 1691 1
383 516 1631 1
374 254 1874 1
383 230 1919 1
383 103 1992 1
389 58 2032 1
328 162 2069 1
320 208 1984 1
327 245 1884 1
327 259 1863 1
399 137 1877 1
398 163 1742 1
403 214 1763 1
399 226 1770 1
357 275 1894 1
343 400 1815 1
337 493 1750 1
321 511 1690 1
390 270 1828 1
396 397 1757 1
398 497 1692 1
383 515 1632 1
374 254 1875 1
382 230 1919 1
383 103 1992 1
389 59 2032 1
328 162 2068 1
320 209 1985 1
327 245 1884 1
328 259 1863 1
399 136 1878 1
398 162 1745 1
403 213 1762 1
399 226 1770 1
357 275 1894 1
343 400 1814 1
337 493 1750 1
321 510 1690 1
390 270 1829 1
396 396 1758 1
398 497 1692 1
383 515 1632 1
374 254 1876 1
382 230 1920 1
383 103 1993 1
389 59 2033 1
327 162 2068 1
320 209 1985 1
325 246 1889 1
325 261 1868 1
400 134 1880 1
398 161 1750 1
403 211 1760 1
400 226 1770 1
357 275 1894 1
343 400 1815 1
337 493 1750 1
321 510 1690 1
390 270 1830 1
396 396 1758 1
398 497 1692 1
384 515 1632 1
374 254 1876 1
382 230 1921 1
382 103 1994 1
389 59 2033 1
328 162 2067 1
319 212 1985 1
317 251 1894 1
317 265 1873 1
400 133 1882 1
400 154 1737 1
381 199 1698 1
374 215 1688 1
356 275 1895 1
343 400 1815 1
337 493 1750 1
321 510 1690 1
391 270 1830 1
396 395 1758 1
398 496 1692 1
384 514 1632 1
376 254 1878 1
384 230 1923 1
382 103 1995 1
389 58 2035 1
328 162 2066 1
319 213 1986 1
314 252 1901 1
314 267 1880 1
400 132 1885 1
398 162 1738 1
383 206 1670 1
384 216 1694 1
358 276 1895 1
343 399 1817 1
337 493 1748 1
321 510 1687 1
395 270 1831 1
396 395 1758 1
398 495 1693 1
384 513 1632 1
377 253 1880 1
384 229 1925 1
382 102 1998 1
390 58 2040 1
327 162 2066 1
310 202 2010 1
316 242 1940 1
316 256 1919 1
403 131 1885 1
398 162 1738 1
399 229 1783 1
396 250 1797 1
358 275 1895 1
343 398 1820 1
337 492 1747 1
322 509 1685 1
396 269 1835 1
396 395 1759 1
398 495 1692 1
385 513 1631 1
377 252 1881 1
385 228 1926 1
382 102 2000 1
391 58 2043 1
327 162 2066 1
310 216 2003 1
317 252 1901 1
317 266 1885 1
401 118 1876 1
398 161 1726 1
399 228 1783 1
396 250 1798 1
359 274 1896 1
343 397 1822 1
337 491 1746 1
320 508 1688 1
396 268 1837 1
396 394 1760 1
399 494 1692 1
384 511 1634 1
378 251 1883 1
385 227 1927 1
382 101 2002 1
392 58 2048 1
327 161 2067 1
300 194 2041 1
312 233 1976 1
310 240 1969 1
401 118 1876 1
399 161 1725 1
401 211 1750 1
398 221 1755 1
360 273 1896 1
343 395 1825 1
337 490 1746 1
321 507 1687 1
396 267 1839 1
396 393 1763 1
399 493 1692 1
384 510 1633 1
378 250 1884 1
385 227 1929 1
381 100 2004 1
393 58 2051 1
326 160 2071 1
300 194 2043 1
309 234 1987 1
309 240 1977 1
401 117 1876 1
400 159 1721 1
401 210 1749 1
398 221 1754 1
360 273 1896 1
343 394 1827 1
337 490 1745 1
321 507 1686 1
396 266 1841 1
396 393 1763 1
399 492 1692 1
384 509 1633 1
378 250 1885 1
385 226 1929 1
381 100 2005 1
400 61 2053 1
326 159 2072 1
299 192 2056 1
306 233 2003 1
306 247 1989 1
401 117 1876 1
400 157 1717 1
401 208 1744 1
398 220 1750 1
360 272 1898 1
344 393 1829 1
337 489 1745 1
321 506 1686 1
395 266 1841 1
396 393 1764 1
399 491 1692 1
384 509 1633 1
378 250 1885 1
385 226 1930 1
380 100 2007 1
401 62 2053 1
326 158 2074 1
294 184 2096 1
303 220 2021 1
304 234 2005 1
401 116 1885 1
400 153 1719 1
400 205 1735 1
397 206 1737 1
360 272 1899 1
344 392 1831 1
339 488 1745 1
323 506 1686 1
395 266 1841 1
397 393 1765 1
399 491 1692 1
384 508 1633 1
378 249 1887 1
385 226 1931 1
379 100 2008 1
402 63 2054 1
326 158 2075 1
293 183 2091 1
304 219 2016 1
307 237 1993 1
400 114 1884 1
400 147 1708 1
398 198 1742 1
396 201 1739 1
360 272 1903 1
344 392 1832 1
340 488 1745 1
323 505 1686 1
395 266 1840 1
397 394 1766 1
399 490 1692 1
384 508 1633 1
378 249 1887 1
385 226 1932 1
379 100 2008 1
403 63 2054 1
326 158 2076 1
292 183 2089 1
302 220 2019 1
304 234 2007 1
402 115 1882 1
400 145 1700 1
400 194 1756 1
397 202 1752 1
360 272 1903 1
344 392 1832 1
340 487 1745 1
325 505 1686 1
396 266 1841 1
397 395 1766 1
399 490 1692 1
385 508 1632 1
378 249 1887 1
385 225 1932 1
379 100 2008 1
403 64 2055 1
322 153 2091 1
293 184 2087 1
303 221 2016 1
305 235 2003 1
401 114 1880 1
401 146 1704 1
400 194 1761 1
397 202 1756 1
360 272 1902 1
345 391 1833 1
341 487 1745 1
325 504 1686 1
397 266 1843 1
397 395 1767 1
399 489 1694 1
384 506 1634 1
378 249 1887 1
385 225 1932 1
379 100 2008 1
403 64 2056 1
322 153 2091 1
293 184 2086 1
307 219 2015 1
301 232 2005 1
401 114 1871 1
400 143 1709 1
396 192 1758 1
394 195 1750 1
361 271 1902 1
345 391 1834 1
341 485 1746 1
325 502 1688 1
397 266 1843 1
397 395 1767 1
398 488 1695 1
384 505 1637 1
379 249 1887 1
385 226 1931 1
379 100 2008 1
403 65 2057 1
323 154 2083 1
292 184 2088 1
311 216 2013 1
318 228 1992 1
401 114 1871 1
400 142 1712 1
394 191 1754 1
393 193 1747 1
361 272 1901 1
346 391 1834 1
342 485 1746 1
326 502 1688 1
398 266 1843 1
397 395 1768 1
398 487 1696 1
384 505 1638 1
379 249 1887 1
385 226 1932 1
378 101 2009 1
404 66 2057 1
323 154 2080 1
298 188 2069 1
316 223 2000 1
322 235 1980 1
400 113 1871 1
400 143 1713 1
392 192 1749 1
389 208 1764 1
361 272 1901 1
346 390 1834 1
342 485 1746 1
326 502 1687 1
398 266 1843 1
397 395 1768 1
398 487 1696 1
384 505 1638 1
379 249 1887 1
385 226 1932 1
378 101 2009 1
404 66 2058 1
323 154 2080 1
295 186 2070 1
315 222 2001 1
322 234 1981 1
400 113 1871 1
402 152 1722 1
378 197 1749 1
371 212 1761 1
361 272 1901 1
346 390 1835 1
342 485 1745 1
326 502 1687 1
398 266 1843 1
397 395 1769 1
398 488 1696 1
384 505 1637 1
379 250 1887 1
385 226 1932 1
378 101 2010 1
404 66 2060 1
323 155 2079 1
294 186 2070 1
315 221 1999 1
322 234 1979 1
393 115 1888 1
402 151 1723 1
385 197 1774 1
380 212 1794 1
361 272 1901 1
346 386 1839 1
343 486 1744 1
326 503 1686 1
398 266 1843 1
397 395 1769 1
398 488 1695 1
384 506 1637 1
379 252 1888 1
385 227 1933 1
378 101 2011 1
396 63 2070 1
323 154 2079 1
294 185 2070 1
316 221 1999 1
323 234 1979 1
388 122 1895 1
402 151 1726 1
382 197 1756 1
376 212 1769 1
361 272 1901 1
346 387 1839 1
343 486 1743 1
327 503 1685 1
398 267 1845 1
397 395 1770 1
398 489 1696 1
383 506 1637 1
379 252 1888 1
385 228 1933 1
378 101 2011 1
382 61 2084 1
323 154 2078 1
293 184 2069 1
316 220 2000 1
324 232 1980 1
387 123 1894 1
403 150 1727 1
377 192 1702 1
368 207 1697 1
361 272 1901 1
346 387 1839 1
343 487 1743 1
327 504 1685 1
397 267 1846 1
398 395 1770 1
398 489 1696 1
383 507 1638 1
379 252 1889 1
385 227 1934 1
377 100 2012 1
379 61 2087 1
323 153 2077 1
293 183 2068 1
325 199 1978 1
336 205 1951 1
389 120 1892 1
403 150 1728 1
377 192 1702 1
368 206 1697 1
361 272 1902 1
346 387 1839 1
343 486 1743 1
327 503 1685 1
397 267 1847 1
398 391 1773 1
397 489 1696 1
383 507 1638 1
377 252 1891 1
384 227 1936 1
378 100 2013 1
375 60 2088 1
323 151 2076 1
294 182 2067 1
324 208 2009 1
334 218 1994 1
388 122 1894 1
405 153 1731 1
375 166 1619 1
364 171 1585 1
360 270 1904 1
347 383 1842 1
343 484 1744 1
327 501 1686 1
394 266 1853 1
398 390 1773 1
397 488 1697 1
383 505 1638 1
376 252 1893 1
383 227 1937 1
378 99 2014 1
362 60 2083 1
323 151 2074 1
295 181 2066 1
326 204 2000 1
337 213 1981 1
387 124 1897 1
406 152 1733 1
392 157 1588 1
387 160 1543 1
359 270 1906 1
347 382 1843 1
343 484 1744 1
327 501 1685 1
393 266 1855 1
398 390 1775 1
397 488 1697 1
383 505 1638 1
