364 275 2405 1
366 257 2454 1
348 168 2528 1
346 130 2492 1
329 182 2459 1
327 213 2603 1
323 245 2735 1
321 255 2783 1
349 181 2390 1
379 220 2383 1
387 267 2427 1
390 282 2446 1
360 281 2374 1
338 372 2201 1
323 457 2077 1
327 474 2024 1
369 283 2417 1
374 376 2424 1
358 443 2339 1
357 459 2289 1
363 275 2404 1
365 258 2455 1
348 168 2528 1
346 130 2493 1
326 178 2458 1
325 210 2598 1
323 243 2727 1
322 253 2774 1
349 181 2390 1
379 220 2383 1
388 266 2429 1
390 281 2448 1
360 280 2374 1
338 372 2201 1
323 457 2078 1
327 474 2025 1
369 283 2416 1
374 376 2424 1
357 444 2337 1
355 460 2288 1
363 275 2404 1
365 257 2454 1
348 168 2527 1
346 130 2493 1
327 178 2458 1
325 210 2598 1
323 243 2727 1
322 254 2774 1
349 181 2390 1
379 220 2383 1
388 266 2429 1
390 281 2449 1
360 280 2374 1
338 372 2200 1
323 457 2077 1
327 474 2025 1
369 283 2415 1
374 376 2424 1
358 443 2338 1
355 459 2291 1
363 275 2403 1
366 257 2452 1
348 167 2526 1
346 129 2491 1
329 182 2452 1
326 212 2597 1
323 244 2731 1
324 237 2770 1
349 180 2388 1
376 222 2359 1
386 267 2414 1
389 282 2436 1
360 280 2374 1
338 372 2200 1
323 457 2077 1
328 474 2026 1
369 283 2413 1
374 376 2424 1
358 443 2338 1
355 459 2293 1
363 275 2402 1
366 257 2451 1
348 166 2525 1
346 129 2490 1
329 181 2453 1
326 212 2596 1
323 244 2728 1
322 254 2776 1
349 180 2387 1
376 221 2358 1
386 267 2413 1
389 282 2435 1
360 280 2374 1
338 372 2199 1
323 457 2077 1
328 475 2026 1
369 283 2413 1
374 376 2424 1
357 444 2336 1
347 456 2274 1
363 275 2401 1
365 257 2451 1
348 166 2524 1
346 129 2488 1
328 180 2451 1
326 211 2593 1
323 244 2724 1
322 254 2772 1
349 180 2386 1
376 221 2357 1
386 267 2411 1
389 282 2432 1
360 280 2374 1
338 372 2199 1
323 457 2077 1
328 475 2026 1
369 282 2412 1
374 376 2424 1
357 444 2335 1
357 461 2294 1
363 278 2395 1
365 260 2445 1
348 166 2520 1
346 129 2485 1
328 183 2446 1
326 213 2592 1
323 245 2727 1
324 237 2767 1
349 180 2382 1
376 222 2353 1
386 267 2409 1
389 282 2431 1
359 283 2380 1
338 373 2199 1
323 458 2076 1
328 475 2025 1
368 285 2395 1
374 376 2424 1
357 444 2335 1
347 456 2273 1
362 278 2395 1
365 260 2444 1
348 167 2518 1
346 129 2485 1
328 181 2447 1
326 212 2590 1
323 244 2724 1
322 254 2772 1
349 180 2380 1
376 222 2351 1
385 268 2406 1
388 282 2428 1
358 283 2380 1
338 372 2199 1
323 458 2077 1
328 475 2025 1
368 285 2395 1
374 376 2424 1
357 444 2335 1
347 456 2272 1
362 278 2394 1
365 260 2444 1
348 167 2518 1
345 130 2462 1
328 180 2448 1
326 211 2590 1
323 244 2721 1
322 254 2769 1
349 180 2380 1
376 222 2351 1
386 267 2411 1
389 282 2434 1
358 282 2378 1
338 373 2199 1
323 458 2076 1
328 475 2025 1
368 285 2396 1
374 376 2424 1
357 446 2333 1
347 458 2270 1
362 278 2394 1
365 260 2444 1
348 167 2517 1
341 128 2424 1
328 181 2444 1
326 212 2588 1
323 244 2722 1
324 236 2762 1
350 180 2379 1
376 222 2350 1
386 267 2410 1
389 282 2433 1
358 282 2378 1
338 372 2198 1
323 458 2076 1
328 475 2025 1
368 285 2396 1
373 375 2424 1
357 446 2333 1
347 458 2270 1
362 278 2395 1
365 260 2445 1
348 167 2516 1
347 130 2470 1
328 180 2443 1
326 211 2586 1
323 244 2720 1
321 254 2768 1
350 180 2379 1
376 222 2350 1
386 267 2413 1
389 281 2438 1
358 282 2378 1
338 372 2198 1
323 458 2076 1
329 475 2025 1
368 285 2397 1
373 375 2424 1
356 446 2333 1
347 458 2269 1
362 278 2394 1
364 260 2445 1
349 167 2515 1
347 130 2470 1
328 180 2442 1
325 212 2584 1
322 244 2716 1
321 255 2764 1
350 180 2377 1
377 222 2348 1
386 267 2413 1
389 282 2438 1
357 282 2380 1
338 372 2198 1
323 458 2076 1
329 475 2025 1
368 285 2396 1
373 375 2425 1
356 445 2334 1
347 457 2269 1
362 278 2395 1
365 260 2443 1
348 167 2512 1
347 130 2469 1
325 194 2443 1
324 220 2599 1
322 247 2730 1
323 239 2769 1
350 180 2374 1
376 223 2346 1
386 267 2412 1
389 282 2438 1
357 283 2380 1
338 372 2198 1
323 458 2076 1
329 475 2025 1
368 285 2396 1
373 375 2426 1
356 445 2333 1
346 457 2271 1
362 277 2397 1
365 259 2445 1
349 167 2512 1
347 130 2469 1
325 194 2443 1
324 220 2599 1
322 247 2729 1
323 239 2769 1
350 180 2374 1
377 223 2345 1
386 267 2413 1
389 281 2439 1
357 283 2377 1
338 372 2198 1
323 458 2076 1
329 475 2025 1
369 284 2405 1
373 375 2427 1
356 443 2337 1
346 456 2275 1
362 276 2398 1
365 259 2446 1
349 167 2512 1
347 130 2468 1
325 194 2442 1
324 220 2599 1
322 247 2728 1
323 239 2768 1
350 180 2374 1
377 223 2345 1
386 267 2414 1
389 281 2440 1
358 283 2376 1
338 372 2198 1
323 458 2076 1
329 475 2025 1
369 284 2408 1
373 375 2428 1
356 443 2338 1
346 455 2275 1
362 276 2399 1
365 259 2446 1
349 167 2512 1
347 131 2467 1
325 194 2443 1
324 220 2599 1
322 247 2728 1
323 239 2767 1
350 180 2374 1
377 223 2345 1
386 267 2414 1
389 281 2440 1
358 283 2376 1
338 372 2199 1
323 458 2076 1
329 475 2025 1
369 284 2409 1
373 375 2429 1
356 444 2336 1
346 456 2273 1
362 276 2399 1
364 258 2449 1
349 167 2512 1
344 132 2435 1
325 179 2441 1
324 211 2582 1
322 244 2713 1
321 255 2760 1
351 181 2374 1
377 223 2345 1
386 267 2415 1
389 282 2441 1
357 282 2374 1
338 372 2199 1
322 458 2076 1
329 475 2026 1
369 284 2410 1
373 375 2430 1
356 444 2336 1
347 457 2269 1
362 276 2399 1
364 258 2448 1
349 168 2508 1
354 130 2496 1
325 181 2441 1
324 212 2583 1
322 245 2715 1
321 255 2762 1
350 181 2370 1
377 224 2342 1
386 268 2412 1
389 282 2440 1
357 282 2374 1
338 372 2199 1
323 457 2077 1
329 475 2027 1
369 284 2411 1
373 375 2431 1
356 444 2335 1
347 456 2270 1
362 276 2399 1
365 259 2447 1
349 169 2506 1
354 131 2498 1
330 188 2429 1
326 216 2581 1
321 247 2721 1
322 239 2761 1
351 182 2368 1
377 225 2340 1
386 269 2411 1
389 283 2439 1
357 282 2375 1
337 373 2199 1
322 458 2077 1
329 475 2027 1
368 284 2410 1
373 375 2431 1
356 443 2338 1
346 455 2275 1
362 277 2399 1
364 260 2448 1
350 170 2507 1
353 133 2502 1
329 188 2427 1
322 216 2577 1
316 247 2718 1
317 239 2758 1
351 184 2369 1
378 226 2341 1
386 271 2411 1
388 285 2438 1
357 283 2374 1
337 373 2199 1
322 458 2077 1
329 475 2026 1
368 285 2411 1
372 375 2431 1
356 443 2338 1
347 455 2273 1
362 278 2399 1
364 260 2448 1
350 171 2507 1
351 133 2494 1
329 189 2426 1
324 219 2570 1
318 251 2705 1
320 243 2745 1
351 185 2369 1
378 227 2340 1
385 272 2409 1
388 286 2436 1
357 284 2374 1
337 373 2199 1
322 458 2076 1
329 475 2026 1
368 285 2410 1
372 375 2430 1
356 443 2338 1
347 455 2273 1
361 281 2398 1
363 264 2449 1
350 174 2507 1
350 136 2492 1
328 189 2419 1
320 213 2580 1
312 240 2733 1
314 232 2773 1
352 188 2369 1
379 230 2341 1
387 274 2421 1
389 287 2451 1
356 287 2382 1
337 373 2199 1
322 458 2077 1
329 475 2027 1
368 288 2402 1
372 376 2430 1
356 442 2338 1
348 455 2269 1
361 279 2402 1
360 262 2460 1
350 166 2549 1
351 133 2477 1
329 189 2415 1
321 213 2576 1
313 240 2730 1
314 232 2770 1
352 179 2412 1
378 221 2383 1
386 262 2473 1
389 275 2506 1
356 285 2379 1
337 373 2199 1
322 457 2077 1
329 475 2029 1
367 286 2410 1
372 376 2429 1
356 442 2338 1
354 455 2261 1
361 279 2403 1
360 262 2461 1
354 178 2533 1
353 142 2479 1
329 190 2413 1
321 214 2573 1
314 241 2727 1
315 233 2767 1
355 192 2395 1
382 234 2367 1
387 278 2442 1
389 292 2470 1
356 285 2378 1
336 374 2199 1
321 458 2077 1
329 475 2029 1
367 287 2413 1
371 377 2428 1
355 443 2336 1
354 455 2258 1
362 273 2413 1
362 254 2476 1
351 154 2577 1
353 126 2479 1
325 195 2434 1
320 212 2609 1
315 232 2722 1
317 224 2762 1
352 166 2440 1
378 207 2411 1
384 251 2486 1
385 265 2515 1
356 284 2379 1
336 374 2199 1
321 457 2077 1
329 474 2030 1
368 284 2417 1
371 377 2428 1
355 443 2336 1
351 455 2260 1
361 276 2410 1
360 257 2473 1
350 154 2576 1
351 136 2449 1
331 192 2421 1
323 210 2593 1
316 230 2708 1
317 222 2748 1
352 166 2438 1
377 208 2409 1
383 251 2484 1
385 265 2513 1
356 285 2383 1
336 374 2199 1
321 458 2077 1
329 474 2029 1
367 285 2411 1
370 378 2428 1
355 443 2336 1
352 455 2259 1
361 276 2410 1
360 257 2473 1
350 156 2562 1
352 135 2443 1
332 190 2416 1
323 209 2587 1
316 230 2708 1
317 222 2748 1
351 168 2425 1
377 210 2396 1
383 254 2471 1
385 268 2500 1
357 284 2382 1
336 374 2200 1
321 457 2077 1
329 474 2031 1
367 284 2415 1
370 378 2428 1
354 444 2334 1
351 457 2258 1
361 264 2431 1
360 249 2490 1
350 156 2571 1
352 136 2448 1
333 190 2418 1
323 209 2588 1
316 230 2709 1
317 222 2749 1
352 168 2433 1
378 210 2404 1
384 253 2479 1
385 268 2508 1
358 278 2374 1
336 374 2200 1
321 457 2077 1
329 474 2031 1
366 278 2453 1
370 378 2428 1
354 444 2333 1
352 457 2256 1
361 264 2431 1
361 248 2490 1
351 156 2571 1
352 136 2449 1
333 189 2420 1
323 209 2589 1
315 230 2709 1
317 222 2749 1
352 168 2433 1
378 209 2405 1
384 257 2440 1
386 272 2455 1
358 277 2373 1
336 374 2200 1
321 457 2078 1
328 474 2032 1
366 278 2454 1
370 378 2429 1
354 444 2333 1
352 457 2255 1
361 264 2431 1
360 248 2490 1
352 157 2572 1
353 136 2451 1
333 189 2421 1
323 210 2588 1
315 232 2713 1
316 224 2753 1
353 169 2434 1
379 211 2406 1
385 258 2441 1
386 274 2456 1
358 277 2372 1
336 374 2200 1
321 456 2078 1
328 474 2032 1
366 278 2455 1
370 378 2429 1
354 444 2332 1
352 456 2255 1
361 264 2431 1
360 248 2491 1
352 157 2572 1
353 136 2451 1
333 188 2422 1
323 209 2587 1
315 232 2714 1
316 225 2754 1
353 169 2434 1
379 211 2406 1
385 258 2441 1
387 274 2457 1
359 277 2371 1
336 374 2201 1
321 456 2079 1
328 474 2033 1
366 278 2456 1
370 378 2429 1
354 443 2334 1
352 456 2256 1
361 263 2432 1
360 248 2491 1
352 157 2570 1
353 136 2450 1
335 186 2418 1
324 209 2580 1
315 233 2714 1
316 225 2754 1
354 170 2432 1
380 211 2404 1
387 257 2452 1
389 272 2472 1
359 276 2369 1
336 374 2201 1
321 456 2079 1
328 474 2033 1
366 278 2459 1
370 378 2429 1
353 445 2331 1
357 463 2311 1
361 272 2419 1
360 254 2481 1
352 158 2569 1
353 137 2449 1
335 186 2418 1
332 178 2243 1
334 217 2240 1
334 230 2242 1
354 171 2431 1
380 212 2403 1
387 258 2453 1
390 273 2473 1
358 279 2375 1
336 374 2201 1
321 457 2078 1
329 474 2032 1
366 281 2441 1
370 378 2429 1
353 445 2331 1
352 458 2252 1
361 267 2426 1
360 252 2485 1
352 159 2568 1
354 137 2449 1
335 186 2418 1
332 179 2243 1
333 218 2245 1
333 231 2249 1
354 172 2430 1
380 213 2401 1
385 261 2442 1
387 276 2459 1
358 278 2371 1
336 374 2201 1
322 456 2084 1
328 473 2034 1
366 280 2448 1
369 378 2429 1
353 444 2331 1
353 457 2253 1
361 272 2419 1
360 255 2481 1
353 161 2566 1
354 139 2449 1
335 186 2418 1
324 184 2249 1
351 213 2234 1
360 223 2232 1
355 174 2428 1
381 216 2400 1
386 263 2442 1
387 278 2460 1
358 279 2373 1
336 374 2201 1
322 455 2084 1
328 473 2035 1
366 282 2442 1
369 378 2429 1
353 445 2332 1
353 457 2254 1
362 273 2418 1
362 256 2478 1
353 163 2565 1
354 140 2450 1
327 196 2437 1
322 186 2264 1
326 222 2202 1
328 234 2184 1
355 175 2427 1
381 217 2399 1
386 265 2443 1
387 280 2462 1
357 281 2378 1
336 374 2201 1
322 455 2083 1
328 473 2035 1
368 283 2432 1
369 378 2429 1
353 444 2332 1
349 456 2256 1
362 273 2418 1
362 256 2478 1
353 163 2565 1
354 140 2450 1
327 196 2437 1
320 188 2264 1
325 225 2210 1
327 238 2195 1
355 176 2427 1
381 218 2399 1
386 265 2442 1
387 281 2460 1
357 282 2377 1
336 374 2201 1
322 455 2082 1
328 473 2035 1
368 283 2432 1
369 378 2429 1
354 443 2333 1
350 455 2257 1
361 265 2427 1
359 251 2486 1
353 163 2566 1
354 140 2451 1
336 183 2417 1
317 194 2265 1
321 231 2213 1
323 244 2199 1
355 176 2428 1
381 218 2399 1
386 265 2443 1
387 281 2461 1
359 277 2365 1
336 374 2201 1
322 455 2082 1
328 473 2036 1
366 280 2454 1
369 378 2430 1
353 444 2331 1
354 456 2252 1
361 272 2417 1
359 254 2481 1
351 162 2569 1
354 140 2449 1
336 183 2418 1
311 198 2267 1
315 236 2218 1
316 249 2206 1
353 174 2431 1
379 216 2402 1
385 264 2443 1
387 279 2460 1
359 279 2370 1
336 374 2201 1
322 455 2082 1
328 473 2035 1
365 282 2440 1
369 378 2430 1
353 443 2332 1
354 456 2253 1
361 273 2416 1
359 255 2480 1
350 160 2570 1
354 140 2447 1
335 185 2417 1
304 202 2276 1
335 177 2256 1
342 160 2261 1
351 173 2432 1
377 215 2404 1
384 262 2443 1
386 277 2460 1
359 280 2374 1
336 374 2201 1
322 455 2081 1
328 473 2035 1
365 282 2436 1
370 377 2431 1
353 443 2332 1
354 456 2253 1
361 272 2417 1
360 254 2480 1
348 157 2571 1
354 139 2445 1
334 184 2420 1
301 203 2282 1
343 179 2268 1
358 171 2269 1
350 170 2433 1
376 212 2404 1
383 259 2444 1
386 274 2460 1
359 280 2374 1
336 374 2202 1
322 457 2079 1
329 474 2033 1
365 282 2436 1
370 376 2434 1
353 443 2331 1
352 456 2253 1
361 272 2417 1
360 255 2480 1
348 159 2571 1
354 140 2448 1
332 184 2425 1
297 202 2292 1
346 189 2249 1
360 189 2239 1
350 171 2433 1
376 213 2404 1
384 261 2444 1
386 276 2461 1
359 280 2374 1
336 373 2203 1
322 456 2079 1
328 474 2032 1
365 282 2436 1
370 376 2436 1
353 445 2329 1
352 457 2251 1
361 272 2418 1
360 255 2480 1
349 159 2570 1
354 140 2448 1
332 184 2427 1
293 201 2299 1
335 202 2251 1
350 202 2242 1
350 172 2433 1
376 214 2404 1
386 261 2449 1
389 276 2468 1
359 280 2374 1
336 373 2203 1
322 456 2079 1
328 474 2033 1
366 282 2437 1
371 375 2439 1
353 444 2331 1
357 462 2317 1
361 272 2418 1
360 255 2480 1
349 160 2571 1
353 140 2449 1
331 184 2429 1
291 200 2305 1
326 213 2244 1
338 216 2219 1
350 172 2433 1
376 215 2404 1
386 261 2450 1
389 276 2469 1
359 280 2375 1
337 372 2205 1
322 455 2079 1
328 474 2034 1
366 281 2437 1
371 375 2441 1
354 444 2332 1
352 457 2254 1
