369 249 1929 1
369 228 1990 1
373 110 2108 1
371 73 2185 1
337 151 2014 1
299 157 1934 1
328 189 1923 1
337 200 1922 1
413 142 2016 1
449 160 1901 1
459 115 1863 1
463 99 1854 1
349 267 1916 1
335 378 1942 1
329 458 1930 1
328 473 1854 1
388 266 1899 1
401 372 1801 1
405 471 1684 1
408 495 1603 1
366 250 1939 1
367 229 2001 1
370 112 2122 1
370 75 2198 1
336 152 2024 1
299 158 1940 1
327 191 1930 1
336 202 1930 1
412 144 2026 1
448 160 1912 1
464 117 1840 1
469 102 1820 1
347 268 1925 1
331 380 1939 1
326 457 1935 1
326 472 1859 1
385 267 1910 1
400 372 1808 1
405 471 1686 1
408 496 1603 1
364 251 1948 1
365 231 2010 1
369 113 2127 1
368 76 2203 1
334 153 2040 1
298 159 1953 1
325 192 1939 1
333 204 1938 1
407 147 2043 1
445 161 1929 1
464 121 1838 1
470 107 1811 1
345 268 1935 1
327 380 1938 1
323 458 1936 1
307 470 1926 1
382 268 1921 1
399 372 1819 1
405 470 1689 1
408 495 1606 1
361 252 1962 1
362 232 2024 1
366 116 2138 1
364 80 2222 1
331 154 2056 1
296 162 1972 1
322 194 1951 1
331 205 1947 1
404 147 2056 1
441 162 1942 1
414 196 1964 1
408 209 1963 1
343 269 1948 1
323 381 1938 1
322 459 1936 1
306 471 1925 1
379 269 1936 1
396 373 1830 1
403 448 1721 1
405 465 1646 1
359 252 1974 1
360 232 2035 1
364 118 2147 1
358 83 2231 1
323 157 2077 1
290 166 1983 1
318 197 1968 1
328 207 1967 1
399 149 2070 1
438 165 1957 1
413 199 1974 1
406 212 1973 1
340 269 1960 1
320 381 1940 1
320 458 1935 1
311 476 1934 1
377 268 1947 1
393 373 1843 1
400 450 1730 1
402 466 1655 1
356 252 1987 1
357 232 2048 1
360 119 2159 1
357 83 2239 1
321 157 2089 1
287 165 1999 1
314 196 1979 1
323 207 1975 1
397 150 2078 1
434 165 1969 1
412 201 1972 1
405 214 1971 1
337 270 1973 1
317 380 1945 1
317 458 1932 1
315 473 1857 1
374 269 1958 1
389 373 1865 1
399 450 1742 1
400 467 1667 1
353 253 1997 1
355 233 2058 1
358 121 2171 1
347 86 2253 1
318 158 2103 1
284 166 2015 1
310 197 1993 1
319 207 1989 1
393 152 2087 1
430 166 1979 1
408 201 1975 1
402 214 1975 1
334 271 1983 1
315 381 1950 1
316 459 1931 1
313 474 1856 1
372 270 1969 1
387 373 1883 1
396 451 1758 1
397 467 1683 1
351 254 2006 1
353 234 2068 1
355 120 2190 1
345 84 2259 1
316 159 2117 1
281 166 2030 1
306 197 2008 1
315 208 2004 1
389 153 2097 1
425 166 1991 1
401 199 1975 1
394 212 1975 1
332 272 1992 1
313 381 1955 1
315 460 1932 1
312 475 1857 1
369 270 1978 1
384 371 1911 1
394 450 1779 1
389 468 1730 1
349 254 2018 1
350 234 2080 1
353 121 2201 1
345 86 2277 1
314 159 2132 1
277 168 2046 1
304 198 2022 1
313 208 2017 1
384 153 2108 1
420 166 2000 1
397 197 1960 1
390 210 1959 1
330 271 2010 1
312 383 1961 1
314 460 1932 1
311 475 1857 1
366 270 1986 1
382 369 1939 1
393 447 1804 1
388 465 1753 1
346 254 2028 1
348 234 2089 1
350 123 2209 1
340 89 2297 1
311 160 2148 1
275 169 2060 1
301 198 2034 1
309 209 2029 1
382 153 2114 1
416 167 2003 1
388 196 1995 1
381 209 1994 1
328 271 2022 1
311 384 1965 1
313 460 1932 1
310 475 1858 1
364 269 1991 1
381 368 1965 1
391 445 1828 1
390 460 1753 1
345 252 2038 1
347 233 2098 1
349 123 2215 1
338 90 2298 1
306 160 2168 1
272 169 2078 1
297 199 2050 1
305 210 2044 1
377 150 2126 1
410 165 2007 1
394 202 1990 1
387 215 1989 1
327 270 2035 1
311 384 1970 1
313 459 1933 1
308 474 1859 1
363 268 1997 1
380 368 1987 1
388 443 1851 1
387 458 1776 1
344 251 2046 1
346 232 2107 1
347 124 2227 1
334 92 2315 1
300 162 2186 1
267 170 2093 1
294 199 2067 1
302 208 2062 1
373 149 2133 1
407 164 2008 1
391 202 1998 1
385 215 1998 1
325 270 2046 1
310 381 1979 1
313 459 1934 1
307 474 1860 1
362 267 2000 1
379 368 2012 1
385 440 1877 1
382 455 1804 1
343 252 2055 1
345 232 2116 1
346 124 2237 1
334 90 2314 1
299 162 2196 1
265 172 2117 1
292 199 2084 1
301 208 2076 1
370 151 2134 1
403 163 2009 1
387 200 2031 1
380 213 2030 1
324 271 2060 1
310 381 1983 1
309 451 1937 1
303 466 1864 1
361 267 2006 1
378 367 2030 1
382 440 1901 1
379 455 1828 1
341 254 2062 1
345 235 2121 1
344 129 2237 1
337 96 2328 1
298 165 2207 1
263 173 2132 1
291 199 2106 1
300 208 2101 1
369 155 2129 1
397 166 2009 1
387 205 2037 1
381 218 2036 1
321 277 2085 1
312 380 1993 1
309 453 1939 1
302 467 1867 1
360 270 2002 1
377 367 2045 1
378 443 1930 1
373 457 1857 1
341 254 2069 1
345 235 2133 1
345 120 2291 1
318 89 2285 1
297 165 2221 1
263 175 2146 1
290 201 2117 1
300 209 2111 1
361 152 2150 1
393 165 2016 1
388 205 2036 1
381 218 2035 1
322 276 2085 1
311 380 1997 1
310 454 1940 1
302 469 1869 1
358 268 2017 1
375 369 2061 1
373 447 1961 1
368 461 1889 1
341 254 2076 1
344 235 2137 1
339 134 2259 1
334 100 2344 1
297 166 2230 1
263 176 2160 1
295 208 2146 1
306 219 2144 1
362 152 2150 1
400 156 1986 1
369 183 2010 1
362 195 2009 1
323 275 2088 1
311 380 2002 1
311 455 1942 1
302 469 1871 1
358 269 2024 1
374 372 2074 1
372 448 1992 1
366 462 1921 1
340 255 2084 1
344 236 2145 1
340 132 2269 1
342 99 2359 1
297 167 2247 1
263 177 2181 1
295 208 2153 1
306 218 2148 1
361 151 2160 1
387 166 2017 1
361 195 1984 1
354 208 1983 1
323 276 2102 1
311 380 2006 1
312 455 1943 1
303 469 1873 1
357 269 2024 1
372 376 2085 1
370 452 2025 1
363 466 1955 1
340 255 2090 1
344 236 2152 1
341 129 2295 1
339 93 2360 1
297 167 2259 1
263 177 2191 1
294 207 2164 1
305 217 2159 1
359 151 2172 1
387 166 2018 1
363 198 2000 1
356 211 1999 1
324 276 2104 1
311 380 2010 1
312 455 1944 1
303 469 1874 1
357 269 2035 1
371 390 2095 1
367 456 2060 1
371 476 2028 1
340 256 2099 1
344 237 2160 1
342 130 2298 1
335 96 2378 1
297 168 2270 1
271 189 2203 1
300 211 2166 1
309 218 2157 1
358 154 2178 1
387 166 2018 1
364 199 2004 1
357 212 2003 1
324 275 2110 1
311 380 2015 1
313 455 1945 1
303 469 1875 1
356 269 2040 1
371 390 2096 1
368 457 2077 1
361 471 2008 1
340 257 2107 1
345 238 2169 1
345 129 2319 1
338 95 2397 1
304 167 2277 1
271 180 2218 1
296 207 2180 1
304 217 2171 1
359 154 2185 1
387 170 2029 1
362 201 2007 1
356 214 2006 1
325 275 2117 1
311 380 2023 1
313 455 1946 1
303 469 1877 1
355 269 2053 1
371 391 2099 1
369 458 2090 1
361 471 2022 1
341 257 2120 1
346 238 2181 1
346 129 2321 1
338 96 2404 1
301 167 2296 1
270 180 2223 1
296 208 2193 1
305 217 2186 1
360 155 2196 1
388 169 2031 1
366 203 2021 1
360 216 2020 1
325 276 2130 1
312 380 2032 1
314 455 1948 1
304 469 1879 1
356 270 2064 1
372 389 2101 1
369 459 2093 1
362 472 2025 1
341 257 2132 1
346 238 2191 1
347 130 2323 1
338 97 2404 1
306 167 2300 1
272 179 2237 1
297 207 2209 1
306 217 2203 1
361 156 2201 1
390 175 2048 1
371 211 2051 1
365 224 2051 1
326 276 2149 1
314 380 2043 1
314 455 1951 1
304 469 1883 1
356 270 2073 1
371 388 2102 1
369 459 2093 1
362 472 2025 1
343 258 2142 1
348 238 2202 1
352 130 2333 1
351 99 2430 1
309 167 2305 1
273 178 2246 1
298 207 2220 1
307 216 2215 1
368 156 2205 1
392 175 2050 1
372 209 2027 1
365 222 2026 1
327 276 2155 1
315 381 2055 1
315 455 1954 1
305 469 1885 1
358 271 2089 1
371 387 2103 1
370 459 2093 1
363 472 2024 1
344 259 2154 1
350 239 2212 1
353 130 2334 1
349 98 2426 1
310 167 2310 1
274 178 2253 1
298 206 2256 1
305 215 2261 1
368 157 2209 1
394 176 2056 1
371 203 1997 1
364 216 1996 1
328 276 2167 1
319 381 2073 1
315 455 1959 1
322 472 1963 1
359 272 2101 1
371 389 2103 1
370 458 2090 1
363 472 2021 1
347 260 2167 1
352 240 2224 1
356 130 2339 1
342 99 2424 1
312 168 2316 1
283 187 2275 1
305 215 2265 1
312 224 2264 1
370 158 2214 1
396 177 2059 1
385 215 2083 1
382 227 2095 1
330 277 2181 1
322 379 2095 1
317 455 1969 1
307 469 1901 1
361 273 2116 1
371 391 2104 1
372 457 2084 1
365 471 2015 1
348 260 2176 1
354 240 2232 1
357 131 2342 1
360 99 2430 1
315 168 2325 1
284 186 2277 1
306 215 2272 1
313 224 2273 1
372 158 2220 1
397 178 2064 1
403 214 2111 1
405 226 2129 1
332 277 2192 1
324 378 2114 1
318 455 1980 1
308 469 1912 1
363 273 2123 1
372 389 2107 1
373 457 2082 1
367 476 2059 1
350 261 2184 1
355 241 2238 1
359 133 2342 1
366 100 2420 1
317 170 2334 1
284 183 2289 1
309 209 2297 1
317 217 2303 1
374 159 2223 1
399 180 2072 1
396 218 2096 1
395 231 2108 1
334 278 2202 1
327 377 2136 1
319 454 1993 1
309 468 1926 1
364 274 2130 1
374 393 2109 1
373 457 2081 1
368 476 2057 1
351 261 2193 1
357 241 2247 1
360 134 2348 1
366 100 2426 1
319 170 2347 1
290 190 2313 1
314 216 2305 1
322 225 2306 1
376 159 2229 1
400 181 2080 1
391 219 2078 1
388 232 2081 1
335 278 2212 1
328 373 2176 1
320 452 2012 1
309 465 1945 1
366 274 2138 1
375 393 2111 1
374 458 2080 1
368 476 2055 1
353 261 2202 1
359 242 2255 1
361 134 2353 1
365 100 2427 1
320 171 2356 1
291 191 2319 1
315 217 2307 1
324 225 2307 1
377 159 2233 1
404 175 2075 1
395 211 2126 1
392 222 2147 1
337 278 2221 1
332 373 2194 1
321 450 2039 1
311 463 1973 1
368 275 2147 1
376 388 2123 1
375 458 2078 1
367 471 2013 1
355 262 2208 1
360 243 2259 1
362 136 2352 1
365 102 2431 1
321 174 2365 1
293 193 2330 1
318 218 2314 1
326 226 2311 1
377 160 2236 1
404 175 2076 1
395 210 2125 1
392 222 2145 1
339 280 2232 1
334 370 2226 1
322 446 2059 1
312 459 1995 1
369 276 2150 1
376 386 2128 1
375 457 2078 1
366 470 2013 1
356 262 2215 1
362 243 2266 1
364 135 2363 1
365 100 2434 1
329 170 2369 1
297 193 2343 1
319 220 2321 1
326 229 2317 1
378 160 2238 1
405 187 2107 1
397 224 2142 1
394 236 2157 1
341 279 2240 1
336 368 2236 1
322 442 2103 1
310 454 2041 1
370 276 2156 1
376 385 2136 1
377 459 2081 1
367 472 2019 1
359 263 2222 1
364 243 2272 1
364 136 2368 1
370 102 2438 1
324 175 2391 1
296 195 2351 1
320 220 2326 1
328 229 2321 1
378 160 2240 1
405 188 2108 1
397 225 2146 1
394 236 2161 1
343 279 2244 1
338 369 2247 1
339 448 2121 1
320 463 2083 1
374 277 2166 1
374 382 2153 1
378 460 2083 1
367 473 2022 1
360 263 2230 1
366 244 2282 1
369 137 2388 1
365 100 2435 1
324 176 2395 1
298 198 2368 1
323 221 2344 1
331 229 2340 1
381 161 2237 1
404 189 2109 1
397 225 2147 1
394 237 2163 1
344 279 2249 1
341 374 2253 1
340 453 2125 1
319 465 2121 1
375 277 2175 1
377 373 2168 1
378 454 2088 1
358 450 2143 1
360 263 2235 1
367 243 2285 1
368 136 2389 1
362 104 2477 1
324 177 2404 1
298 199 2383 1
324 221 2360 1
333 229 2356 1
381 162 2237 1
403 190 2111 1
396 226 2151 1
394 238 2168 1
345 279 2256 1
336 357 2340 1
333 432 2222 1
321 443 2162 1
376 277 2179 1
398 365 2150 1
379 443 2081 1
357 441 2123 1
361 263 2239 1
367 243 2288 1
368 136 2391 1
367 105 2487 1
324 179 2417 1
299 202 2403 1
326 221 2370 1
336 227 2363 1
383 164 2233 1
404 192 2126 1
397 228 2169 1
395 240 2187 1
345 279 2261 1
337 357 2343 1
339 432 2255 1
326 451 2230 1
376 278 2181 1
397 366 2149 1
377 444 2079 1
360 451 2133 1
361 263 2245 1
367 243 2296 1
365 135 2408 1
366 104 2504 1
324 179 2431 1
301 203 2437 1
328 223 2411 1
337 230 2406 1
385 166 2242 1
405 194 2145 1
399 230 2187 1
396 241 2205 1
345 280 2267 1
339 357 2349 1
344 431 2290 1
329 448 2284 1
378 278 2186 1
377 382 2149 1
374 459 2075 1
360 460 2146 1
366 259 2261 1
371 240 2312 1
370 136 2416 1
362 102 2483 1
313 185 2494 1
300 212 2424 1
333 217 2426 1
344 219 2430 1
393 172 2262 1
407 197 2159 1
400 232 2203 1
397 243 2221 1
345 279 2271 1
341 357 2350 1
348 430 2305 1
330 443 2302 1
387 276 2200 1
376 365 2164 1
375 446 2086 1
366 452 2157 1
367 258 2263 1
371 239 2316 1
372 136 2414 1
394 115 2511 1
332 175 2447 1
308 201 2478 1
330 222 2411 1
337 230 2392 1
407 172 2290 1
411 199 2189 1
404 233 2238 1
402 244 2258 1
347 278 2277 1
344 358 2339 1
349 431 2294 1
328 434 2277 1
388 275 2201 1
378 376 2158 1
377 458 2082 1
370 471 2014 1
369 257 2270 1
374 238 2322 1
374 135 2424 1
392 116 2544 1
331 178 2457 1
311 204 2499 1
332 225 2433 1
339 232 2414 1
395 166 2302 1
412 197 2199 1
405 231 2242 1
403 242 2260 1
351 277 2294 1
343 358 2333 1
349 432 2288 1
326 434 2275 1
388 273 2205 1
391 364 2155 1
380 444 2091 1
369 449 2162 1
370 257 2274 1
373 239 2329 1
374 135 2428 1
383 105 2518 1
347 163 2399 1
322 195 2480 1
329 227 2470 1
331 238 2470 1
394 165 2306 1
413 193 2214 1
407 227 2257 1
404 238 2275 1
356 274 2304 1
342 355 2331 1
348 429 2287 1
326 431 2275 1
386 271 2216 1
391 365 2156 1
380 445 2092 1
374 458 2023 1
371 259 2281 1
374 240 2335 1
370 134 2435 1
386 104 2506 1
347 163 2400 1
323 195 2488 1
330 227 2485 1
332 238 2487 1
393 165 2309 1
415 190 2230 1
407 224 2275 1
405 235 2294 1
357 274 2302 1
342 350 2383 1
347 422 2338 1
340 433 2268 1
386 270 2244 1
393 366 2169 1
380 445 2095 1
374 459 2025 1
372 260 2288 1
374 241 2346 1
373 136 2449 1
382 101 2499 1
349 162 2392 1
326 194 2491 1
326 223 2548 1
326 233 2570 1
392 160 2340 1
415 185 2244 1
408 219 2288 1
406 230 2305 1
358 274 2303 1
346 349 2390 1
351 421 2345 1
365 437 2285 1
386 270 2254 1
394 366 2173 1
378 445 2093 1
374 458 2019 1
372 261 2301 1
375 242 2358 1
376 137 2462 1
378 100 2494 1
354 165 2365 1
332 193 2483 1
327 220 2553 1
325 229 2580 1
387 163 2316 1
416 183 2252 1
408 217 2298 1
405 228 2317 1
359 273 2312 1
346 349 2391 1
351 421 2346 1
357 435 2262 1
384 268 2272 1
391 366 2176 1
376 445 2093 1
371 459 2021 1
371 262 2309 1
374 243 2366 1
376 137 2466 1
373 101 2518 1
354 165 2364 1
333 192 2489 1
329 218 2568 1
314 215 2589 1
385 164 2320 1
416 181 2264 1
407 214 2311 1
404 225 2330 1
360 273 2319 1
345 349 2393 1
362 418 2205 1
357 430 2132 1
382 267 2283 1
391 366 2179 1
358 422 2268 1
353 433 2196 1
370 261 2325 1
372 242 2382 1
373 136 2472 1
354 108 2552 1
354 165 2366 1
334 191 2498 1
330 218 2589 1
316 215 2616 1
384 161 2342 1
414 178 2276 1
406 211 2322 1
404 222 2340 1
359 272 2331 1
380 371 2191 1
374 453 2106 1
372 467 2031 1
381 266 2304 1
392 359 2197 1
360 417 2275 1
357 429 2200 1
371 263 2333 1
373 244 2389 1
374 137 2479 1
380 107 2571 1
354 165 2367 1
336 190 2507 1
331 217 2620 1
317 214 2644 1
383 165 2333 1
417 179 2282 1
405 211 2331 1
401 221 2351 1
360 273 2331 1
380 372 2193 1
374 454 2107 1
371 468 2034 1
381 268 2326 1
348 371 2388 1
341 444 2342 1
336 456 2268 1
371 265 2339 1
372 245 2396 1
371 139 2490 1
372 107 2576 1
353 167 2367 1
337 190 2513 1
322 213 2664 1
311 213 2672 1
379 166 2340 1
414 177 2294 1
404 210 2340 1
401 221 2359 1
360 273 2334 1
380 373 2196 1
374 455 2109 1
371 469 2036 1
380 269 2333 1
349 372 2381 1
341 445 2340 1
344 462 2316 1
371 266 2340 1
372 246 2398 1
369 139 2497 1
361 109 2597 1
353 168 2370 1
338 191 2521 1
322 212 2673 1
313 212 2703 1
377 166 2346 1
412 177 2300 1
401 209 2347 1
398 220 2366 1
361 274 2335 1
380 373 2199 1
374 455 2113 1
371 469 2039 1
380 270 2334 1
349 372 2378 1
340 445 2340 1
344 462 2311 1
369 266 2346 1
369 246 2405 1
368 140 2500 1
391 114 2561 1
352 168 2375 1
339 190 2531 1
326 209 2693 1
318 214 2727 1
377 162 2379 1
408 177 2305 1
400 210 2353 1
397 221 2372 1
360 274 2336 1
380 374 2204 1
374 456 2116 1
390 470 2145 1
378 270 2344 1
346 358 2392 1
341 432 2345 1
341 443 2269 1
368 266 2354 1
368 247 2413 1
366 141 2507 1
373 108 2582 1
351 170 2380 1
338 191 2537 1
327 217 2685 1
317 216 2752 1
377 161 2381 1
407 177 2305 1
397 210 2358 1
393 220 2379 1
358 275 2347 1
380 374 2211 1
374 457 2122 1
374 470 2046 1
378 270 2347 1
346 358 2394 1
341 432 2344 1
340 444 2268 1
366 265 2368 1
366 246 2426 1
365 141 2515 1
374 108 2577 1
350 170 2385 1
337 192 2540 1
326 218 2689 1
322 226 2742 1
377 161 2388 1
406 178 2307 1
394 209 2364 1
390 219 2386 1
357 274 2362 1
379 374 2214 1
374 457 2124 1
389 472 2132 1
376 269 2358 1
346 362 2405 1
341 437 2343 1
340 449 2267 1
361 269 2356 1
362 249 2418 1
363 142 2521 1
376 109 2569 1
349 173 2394 1
336 195 2551 1
325 220 2701 1
326 212 2738 1
376 162 2393 1
405 177 2305 1
391 208 2368 1
386 217 2392 1
353 275 2352 1
378 374 2216 1
374 457 2130 1
389 472 2132 1
368 276 2343 1
356 385 2333 1
340 451 2334 1
349 467 2307 1
374 271 2427 1
375 250 2475 1
362 142 2527 1
377 109 2564 1
347 174 2404 1
335 196 2561 1
324 221 2712 1
325 214 2750 1
361 165 2377 1
396 173 2322 1
389 207 2367 1
387 218 2385 1
370 276 2416 1
377 373 2220 1
374 456 2131 1
388 472 2116 1
379 274 2431 1
356 384 2333 1
340 451 2333 1
349 468 2309 1
374 271 2429 1
375 250 2476 1
360 142 2534 1
378 109 2559 1
346 175 2410 1
335 197 2568 1
324 222 2718 1
325 215 2756 1
357 163 2389 1
394 172 2328 1
388 206 2372 1
386 217 2391 1
370 276 2417 1
373 367 2228 1
373 450 2135 1
386 470 2106 1
378 275 2435 1
355 385 2332 1
340 449 2334 1
345 466 2305 1
372 272 2440 1
374 251 2485 1
358 143 2539 1
377 110 2558 1
346 175 2417 1
335 197 2576 1
324 222 2728 1
324 216 2777 1
357 163 2393 1
394 171 2330 1
387 206 2375 1
385 217 2393 1
370 277 2420 1
367 356 2241 1
371 438 2142 1
362 451 2079 1
375 278 2456 1
354 385 2328 1
339 448 2342 1
345 463 2302 1
369 270 2431 1
371 250 2482 1
356 143 2546 1
378 112 2558 1
345 176 2423 1
340 198 2585 1
334 224 2728 1
335 216 2768 1
361 160 2398 1
398 168 2335 1
392 203 2380 1
390 214 2398 1
365 276 2400 1
367 358 2236 1
371 440 2133 1
363 454 2066 1
374 278 2448 1
343 384 2417 1
343 441 2338 1
335 453 2271 1
