323 192 2004 1
320 180 2060 1
311 88 2117 1
315 39 2113 1
273 116 2069 1
255 169 2035 1
238 217 1976 1
233 236 1936 1
354 120 2101 1
369 183 2069 1
385 228 2010 1
394 240 1984 1
307 210 1969 1
285 321 1960 1
283 395 1935 1
284 409 1855 1
343 210 1998 1
341 325 1978 1
345 401 1975 1
336 420 1941 1
323 192 2003 1
320 180 2060 1
311 87 2118 1
315 39 2113 1
273 116 2069 1
254 171 2037 1
236 218 1980 1
229 236 1942 1
354 120 2101 1
370 183 2072 1
388 227 2014 1
397 241 1985 1
307 211 1968 1
285 322 1960 1
283 395 1936 1
284 409 1855 1
343 210 1997 1
341 325 1978 1
345 401 1976 1
336 420 1940 1
323 192 2003 1
320 180 2060 1
311 87 2118 1
315 39 2113 1
273 116 2070 1
254 171 2039 1
234 218 1982 1
227 236 1949 1
354 120 2102 1
371 182 2075 1
390 226 2018 1
397 240 1988 1
307 211 1968 1
285 322 1960 1
283 395 1936 1
284 409 1855 1
343 210 1996 1
341 325 1978 1
345 401 1976 1
336 420 1940 1
323 192 2003 1
320 180 2060 1
312 97 2107 1
315 39 2113 1
273 116 2071 1
253 172 2042 1
231 219 1985 1
222 235 1953 1
354 120 2102 1
371 181 2080 1
392 224 2022 1
398 240 1989 1
307 211 1968 1
285 322 1960 1
283 395 1939 1
284 410 1858 1
343 210 1996 1
341 325 1978 1
345 401 1976 1
336 420 1940 1
323 193 2002 1
320 181 2059 1
312 97 2107 1
314 39 2112 1
272 116 2072 1
252 172 2043 1
229 219 1990 1
221 235 1957 1
354 120 2102 1
371 180 2083 1
392 223 2024 1
400 242 1988 1
307 212 1967 1
285 322 1960 1
283 395 1938 1
284 410 1857 1
343 211 1995 1
341 325 1978 1
345 401 1976 1
336 420 1940 1
323 193 2001 1
320 181 2059 1
311 88 2116 1
314 39 2112 1
272 116 2073 1
252 172 2044 1
227 219 1995 1
218 235 1968 1
354 120 2102 1
372 180 2085 1
392 223 2024 1
401 242 1989 1
306 212 1966 1
285 322 1960 1
283 395 1938 1
284 409 1857 1
343 211 1994 1
341 325 1977 1
345 401 1975 1
336 420 1941 1
323 193 2001 1
320 181 2059 1
311 88 2117 1
314 39 2112 1
272 116 2073 1
252 172 2045 1
226 220 1997 1
218 235 1971 1
354 120 2103 1
372 180 2086 1
392 222 2025 1
400 240 1992 1
306 212 1966 1
285 322 1960 1
283 395 1938 1
284 409 1857 1
343 211 1994 1
341 325 1977 1
345 401 1975 1
336 420 1941 1
323 194 2001 1
320 181 2059 1
311 88 2118 1
314 39 2112 1
272 116 2073 1
251 172 2047 1
226 220 2000 1
218 236 1976 1
354 120 2103 1
372 180 2086 1
392 222 2024 1
400 240 1992 1
306 212 1966 1
285 322 1960 1
283 395 1939 1
284 410 1858 1
343 211 1993 1
341 325 1977 1
345 401 1975 1
336 420 1940 1
323 194 2000 1
320 181 2059 1
311 88 2118 1
314 39 2112 1
272 116 2074 1
251 173 2049 1
225 221 2001 1
217 236 1978 1
354 120 2103 1
372 180 2086 1
392 222 2024 1
401 241 1989 1
306 213 1966 1
285 322 1960 1
283 395 1939 1
284 410 1858 1
343 212 1993 1
341 325 1977 1
345 401 1976 1
336 420 1940 1
323 194 2000 1
320 181 2059 1
311 87 2118 1
314 39 2112 1
272 116 2074 1
251 173 2050 1
225 221 2003 1
217 236 1979 1
354 120 2103 1
372 180 2086 1
392 222 2023 1
401 242 1989 1
306 213 1965 1
285 322 1960 1
283 395 1939 1
284 410 1858 1
343 212 1993 1
341 325 1977 1
345 401 1976 1
336 420 1939 1
323 195 2000 1
320 181 2059 1
311 87 2119 1
314 39 2111 1
272 116 2074 1
251 173 2050 1
226 221 2004 1
218 236 1981 1
353 120 2103 1
372 180 2086 1
391 223 2023 1
400 242 1989 1
306 213 1965 1
285 322 1960 1
283 395 1938 1
284 409 1857 1
343 212 1993 1
342 325 1977 1
345 401 1978 1
336 420 1937 1
323 195 1999 1
320 181 2059 1
311 87 2119 1
314 39 2111 1
272 116 2075 1
251 173 2051 1
227 221 2005 1
219 237 1983 1
353 120 2103 1
372 180 2086 1
391 223 2022 1
399 242 1988 1
306 214 1965 1
286 322 1960 1
283 395 1938 1
284 409 1857 1
343 213 1993 1
342 325 1977 1
345 401 1976 1
336 420 1938 1
323 195 1999 1
320 182 2059 1
311 87 2119 1
313 39 2111 1
272 116 2075 1
251 173 2051 1
227 221 2006 1
219 238 1983 1
353 120 2103 1
371 180 2084 1
389 224 2020 1
397 241 1989 1
306 214 1964 1
286 322 1960 1
283 395 1938 1
284 409 1857 1
343 213 1992 1
342 325 1977 1
345 401 1976 1
336 420 1938 1
323 196 1999 1
320 182 2058 1
311 87 2120 1
313 39 2111 1
272 116 2075 1
251 174 2051 1
229 221 2006 1
221 239 1982 1
353 120 2102 1
371 180 2084 1
388 224 2019 1
395 240 1989 1
306 215 1964 1
286 322 1960 1
283 395 1938 1
284 409 1857 1
343 214 1992 1
342 325 1977 1
345 401 1977 1
336 420 1938 1
323 196 1998 1
320 182 2058 1
311 87 2120 1
313 39 2111 1
272 116 2075 1
251 173 2050 1
230 221 2005 1
223 238 1980 1
353 120 2102 1
371 181 2083 1
388 225 2016 1
395 241 1988 1
306 215 1963 1
285 322 1960 1
283 395 1938 1
284 409 1857 1
344 214 1992 1
342 325 1977 1
345 401 1977 1
336 420 1937 1
323 197 1998 1
320 182 2058 1
311 87 2120 1
313 39 2111 1
272 116 2075 1
252 173 2049 1
231 221 2003 1
224 238 1977 1
353 120 2102 1
371 180 2083 1
388 224 2016 1
394 241 1987 1
306 215 1963 1
285 322 1960 1
283 395 1939 1
284 409 1857 1
344 214 1992 1
342 326 1976 1
345 401 1977 1
336 420 1937 1
323 197 1998 1
320 183 2058 1
311 87 2120 1
313 39 2112 1
272 116 2075 1
252 173 2049 1
232 221 2002 1
224 238 1975 1
353 120 2102 1
371 181 2083 1
387 225 2015 1
394 241 1987 1
306 216 1963 1
285 322 1960 1
283 395 1937 1
284 409 1856 1
344 215 1992 1
342 326 1976 1
345 401 1977 1
336 419 1937 1
323 197 1998 1
320 183 2058 1
311 87 2120 1
313 39 2111 1
272 116 2075 1
252 173 2048 1
232 221 1997 1
224 238 1972 1
353 120 2102 1
371 181 2083 1
387 225 2015 1
394 241 1986 1
306 216 1963 1
285 322 1960 1
283 395 1937 1
284 409 1856 1
344 215 1992 1
342 326 1976 1
345 401 1977 1
335 419 1936 1
323 197 1998 1
320 183 2058 1
311 87 2120 1
313 39 2111 1
272 116 2075 1
252 173 2048 1
231 221 1996 1
224 238 1969 1
353 120 2102 1
371 181 2082 1
387 225 2014 1
394 241 1986 1
306 216 1963 1
285 322 1960 1
283 395 1937 1
284 409 1856 1
344 215 1992 1
342 326 1976 1
345 401 1977 1
335 419 1936 1
323 197 1998 1
320 183 2058 1
311 87 2120 1
313 39 2111 1
272 116 2075 1
252 173 2047 1
231 221 1991 1
222 238 1962 1
353 120 2101 1
371 181 2082 1
388 224 2014 1
394 241 1985 1
306 216 1963 1
285 322 1960 1
283 395 1937 1
284 409 1855 1
344 215 1992 1
342 326 1976 1
345 401 1974 1
335 420 1940 1
323 197 1998 1
320 183 2058 1
311 87 2119 1
313 39 2111 1
272 116 2075 1
252 173 2047 1
230 220 1986 1
221 237 1957 1
353 120 2101 1
371 181 2081 1
388 225 2013 1
394 241 1984 1
306 216 1963 1
285 322 1960 1
283 395 1936 1
284 409 1855 1
344 215 1992 1
342 326 1976 1
345 401 1972 1
335 420 1940 1
323 197 1998 1
320 183 2058 1
311 86 2119 1
314 39 2111 1
272 116 2074 1
252 173 2046 1
229 216 1983 1
220 232 1949 1
353 120 2099 1
371 180 2080 1
388 224 2013 1
395 240 1980 1
306 216 1963 1
285 322 1960 1
283 395 1935 1
283 409 1854 1
344 215 1992 1
342 326 1975 1
346 401 1972 1
335 419 1940 1
323 197 1998 1
320 183 2058 1
312 86 2117 1
314 39 2111 1
272 116 2073 1
252 170 2045 1
224 209 1971 1
216 222 1934 1
353 120 2099 1
372 180 2079 1
398 218 1997 1
406 236 1950 1
306 216 1963 1
285 322 1960 1
282 394 1934 1
283 409 1853 1
344 215 1992 1
343 326 1974 1
346 401 1971 1
335 419 1939 1
323 197 1998 1
320 183 2057 1
312 86 2116 1
314 39 2111 1
273 116 2070 1
245 165 2049 1
213 199 1951 1
199 212 1901 1
354 119 2099 1
374 176 2075 1
409 205 1975 1
420 220 1923 1
306 216 1963 1
286 322 1960 1
282 394 1932 1
283 409 1851 1
344 215 1992 1
343 326 1972 1
345 401 1961 1
335 420 1942 1
323 197 1997 1
320 182 2057 1
313 85 2114 1
315 38 2111 1
273 116 2069 1
240 161 2050 1
199 180 1937 1
192 182 1907 1
355 118 2099 1
385 164 2067 1
420 190 1953 1
431 193 1919 1
306 216 1963 1
286 322 1959 1
281 394 1929 1
286 416 1904 1
344 215 1991 1
344 326 1972 1
346 401 1960 1
335 420 1940 1
324 197 1997 1
321 182 2057 1
314 84 2113 1
315 38 2112 1
273 116 2069 1
233 150 2048 1
188 158 1928 1
166 162 1876 1
356 118 2097 1
398 157 2047 1
450 166 1916 1
468 159 1880 1
306 216 1963 1
286 323 1954 1
280 393 1920 1
281 408 1839 1
344 215 1991 1
344 326 1972 1
346 402 1960 1
335 420 1939 1
324 195 1997 1
321 181 2057 1
314 84 2112 1
316 37 2111 1
273 116 2072 1
228 138 2048 1
179 135 1930 1
161 132 1895 1
359 117 2096 1
409 144 2039 1
459 143 1928 1
476 139 1895 1
306 215 1963 1
287 324 1945 1
279 394 1912 1
280 409 1831 1
345 214 1991 1
344 326 1971 1
346 402 1961 1
335 420 1939 1
324 194 1998 1
322 180 2057 1
316 83 2111 1
316 37 2112 1
273 114 2076 1
221 125 2041 1
169 109 1931 1
147 100 1889 1
362 114 2095 1
417 129 2039 1
468 114 1943 1
486 105 1911 1
306 214 1965 1
287 324 1929 1
278 399 1901 1
278 414 1819 1
346 213 1989 1
345 325 1971 1
346 402 1962 1
335 420 1938 1
325 193 1999 1
323 178 2058 1
317 82 2109 1
317 36 2112 1
273 113 2078 1
216 111 2041 1
167 88 1945 1
147 75 1909 1
364 112 2092 1
428 113 2034 1
476 88 1954 1
490 77 1927 1
305 213 1967 1
287 323 1905 1
277 400 1887 1
276 416 1806 1
346 212 1988 1
347 323 1971 1
346 402 1963 1
335 421 1936 1
325 191 1999 1
323 177 2058 1
319 82 2106 1
318 36 2110 1
274 113 2080 1
217 104 2050 1
172 71 1964 1
149 54 1926 1
367 110 2089 1
430 101 2040 1
477 67 1968 1
493 53 1938 1
305 212 1971 1
282 317 1865 1
276 402 1874 1
274 418 1792 1
347 211 1987 1
348 319 1972 1
347 402 1964 1
336 420 1937 1
325 190 2001 1
324 176 2059 1
322 83 2099 1
318 36 2107 1
274 113 2082 1
220 96 2064 1
172 50 1971 1
160 35 1947 1
370 109 2084 1
432 93 2045 1
477 50 1982 1
491 33 1959 1
305 211 1976 1
279 311 1837 1
272 401 1850 1
270 417 1768 1
347 211 1987 1
348 316 1975 1
347 401 1970 1
339 421 1938 1
325 190 2003 1
325 176 2059 1
323 84 2095 1
320 37 2103 1
275 112 2087 1
222 91 2073 1
183 39 1993 1
172 24 1968 1
372 109 2078 1
436 81 2045 1
476 36 1994 1
484 20 1981 1
304 211 1981 1
275 308 1816 1
271 400 1838 1
268 416 1757 1
347 211 1987 1
349 314 1977 1
346 401 1974 1
344 422 1943 1
326 189 2005 1
325 176 2061 1
324 85 2093 1
321 38 2100 1
275 112 2094 1
223 76 2084 1
190 32 2007 1
182 17 1985 1
375 109 2076 1
435 75 2045 1
469 32 2011 1
476 18 2001 1
304 211 1987 1
273 302 1795 1
270 394 1833 1
267 410 1752 1
348 211 1987 1
350 313 1978 1
347 400 1975 1
347 415 1893 1
326 189 2006 1
326 175 2061 1
325 85 2091 1
322 39 2096 1
277 111 2095 1
232 77 2096 1
210 29 2057 1
204 12 2042 1
376 108 2077 1
431 70 2046 1
456 24 2026 1
465 10 2025 1
304 210 1987 1
272 301 1787 1
269 392 1828 1
265 408 1747 1
348 210 1987 1
350 312 1977 1
347 400 1976 1
347 415 1894 1
327 187 2005 1
327 174 2060 1
326 85 2090 1
323 39 2096 1
278 109 2093 1
232 70 2090 1
209 23 2056 1
204 6 2046 1
376 105 2078 1
430 68 2045 1
456 22 2026 1
463 7 2024 1
304 209 1987 1
273 300 1787 1
267 393 1822 1
263 409 1740 1
349 209 1985 1
350 312 1978 1
347 400 1976 1
347 415 1895 1
327 185 2003 1
327 172 2058 1
326 84 2087 1
323 38 2094 1
278 106 2088 1
233 67 2083 1
210 20 2059 1
206 3 2051 1
377 103 2078 1
428 62 2044 1
456 18 2024 1
465 3 2022 1
305 207 1984 1
273 301 1788 1
263 395 1814 1
260 411 1732 1
350 207 1983 1
350 312 1978 1
345 398 1993 1
347 419 1953 1
327 184 2000 1
327 171 2055 1
326 82 2080 1
324 36 2092 1
278 102 2080 1
233 61 2072 1
210 16 2056 1
205 0 2051 1
377 100 2077 1
426 58 2042 1
456 15 2021 1
466 1 2019 1
305 205 1980 1
276 307 1797 1
262 397 1813 1
260 413 1732 1
350 206 1982 1
350 312 1979 1
345 399 1990 1
346 420 1951 1
327 182 1996 1
327 169 2050 1
326 79 2071 1
325 34 2089 1
278 98 2064 1
232 48 2023 1
203 2 2000 1
197 -13 1995 1
376 96 2071 1
425 44 2019 1
459 1 1988 1
470 -12 1977 1
305 204 1976 1
281 313 1838 1
263 396 1816 1
268 416 1833 1
350 204 1980 1
349 312 1978 1
348 401 1958 1
349 416 1877 1
326 181 1993 1
326 167 2047 1
326 78 2065 1
325 33 2085 1
277 97 2056 1
231 47 2005 1
201 0 1969 1
196 -16 1960 1
375 94 2068 1
423 45 2011 1
459 4 1981 1
470 -10 1974 1
303 202 1974 1
281 313 1842 1
267 398 1825 1
265 414 1744 1
348 203 1977 1
348 313 1975 1
348 401 1956 1
350 416 1875 1
323 180 1991 1
323 166 2044 1
326 77 2058 1
326 32 2080 1
276 96 2045 1
225 46 1964 1
193 -3 1900 1
186 -21 1889 1
375 94 2066 1
421 50 1990 1
461 8 1936 1
475 -4 1919 1
299 201 1973 1
281 314 1853 1
268 400 1833 1
267 417 1752 1
346 202 1976 1
347 314 1972 1
347 400 1948 1
341 422 1925 1
321 182 1989 1
321 168 2042 1
325 76 2052 1
326 31 2074 1
274 96 2032 1
219 50 1929 1
186 -1 1838 1
175 -18 1804 1
372 96 2051 1
423 56 1965 1
468 20 1898 1
470 17 1894 1
297 203 1972 1
281 318 1864 1
268 401 1835 1
267 417 1754 1
342 205 1977 1
345 318 1966 1
348 400 1948 1
340 421 1919 1
319 184 1990 1
320 169 2041 1
324 76 2048 1
326 30 2064 1
272 96 2015 1
213 60 1890 1
175 14 1760 1
161 0 1716 1
371 98 2037 1
433 65 1930 1
481 29 1852 1
493 18 1836 1
296 204 1972 1
280 318 1868 1
268 401 1841 1
267 418 1760 1
340 207 1981 1
345 318 1961 1
347 400 1945 1
339 421 1916 1
318 185 1992 1
318 170 2042 1
323 76 2042 1
325 30 2052 1
271 97 2001 1
208 76 1848 1
168 37 1698 1
154 20 1659 1
369 101 2025 1
435 84 1910 1
491 51 1815 1
514 34 1793 1
295 206 1973 1
278 318 1873 1
267 401 1848 1
266 417 1768 1
338 209 1987 1
347 319 1942 1
346 401 1936 1
339 422 1920 1
316 189 1996 1
316 173 2043 1
322 78 2029 1
324 31 2039 1
270 101 1981 1
220 105 1868 1
168 84 1674 1
148 66 1624 1
367 107 2011 1
429 109 1900 1
485 101 1800 1
510 91 1775 1
292 210 1979 1
271 316 1877 1
266 401 1853 1
266 418 1773 1
336 213 1996 1
350 317 1925 1
347 400 1925 1
350 416 1845 1
313 195 2000 1
313 178 2042 1
319 82 2010 1
323 33 2027 1
271 107 1960 1
223 127 1848 1
184 143 1702 1
165 135 1625 1
365 112 1999 1
428 136 1878 1
482 149 1786 1
502 144 1761 1
291 214 1983 1
267 312 1876 1
262 399 1852 1
262 416 1773 1
333 218 2007 1
353 315 1916 1
347 399 1917 1
351 415 1838 1
311 207 2002 1
311 189 2037 1
319 89 1995 1
321 39 2008 1
273 121 1933 1
226 157 1833 1
195 191 1709 1
183 204 1673 1
361 123 1974 1
417 158 1875 1
471 187 1790 1
496 179 1766 1
289 225 1987 1
265 311 1872 1
258 396 1845 1
259 414 1766 1
330 227 2015 1
354 313 1910 1
351 394 1891 1
356 411 1813 1
311 213 2000 1
311 194 2029 1
318 97 1978 1
320 46 1995 1
269 132 1925 1
235 183 1837 1
212 230 1750 1
204 246 1723 1
361 130 1962 1
406 183 1876 1
450 222 1803 1
476 225 1781 1
289 234 1987 1
259 318 1861 1
257 396 1840 1
257 415 1763 1
330 234 2015 1
356 319 1899 1
352 392 1877 1
357 410 1800 1
309 226 1988 1
310 206 2013 1
317 105 1967 1
319 54 1984 1
267 142 1924 1
244 210 1868 1
225 259 1777 1
219 276 1756 1
362 145 1952 1
389 205 1893 1
418 251 1825 1
438 268 1810 1
287 246 1979 1
256 330 1844 1
253 402 1827 1
263 422 1825 1
329 248 2000 1
361 331 1880 1
356 402 1860 1
348 417 1895 1
310 232 1978 1
310 212 2001 1
315 112 1958 1
318 62 1975 1
267 147 1924 1
252 218 1881 1
238 278 1829 1
223 293 1792 1
360 149 1951 1
375 218 1903 1
397 269 1846 1
408 285 1829 1
289 252 1970 1
248 333 1828 1
246 406 1804 1
263 418 1825 1
330 252 1990 1
361 337 1873 1
357 408 1854 1
348 423 1882 1
310 237 1967 1
310 218 1987 1
314 119 1952 1
316 67 1969 1
268 152 1924 1
252 223 1882 1
245 294 1832 1
221 297 1796 1
358 153 1950 1
370 223 1910 1
383 284 1872 1
402 298 1836 1
289 257 1960 1
243 336 1818 1
240 410 1788 1
259 416 1822 1
329 257 1975 1
364 342 1865 1
360 413 1846 1
345 421 1886 1
310 241 1964 1
310 221 1982 1
314 121 1951 1
315 70 1966 1
267 157 1925 1
247 227 1893 1
224 277 1834 1
208 285 1802 1
356 159 1946 1
371 230 1909 1
383 283 1871 1
402 298 1837 1
288 260 1957 1
244 339 1810 1
238 414 1780 1
258 415 1820 1
329 261 1971 1
366 345 1850 1
360 415 1842 1
364 434 1763 1
309 241 1964 1
309 222 1980 1
314 122 1952 1
315 71 1968 1
266 157 1926 1
231 218 1887 1
200 264 1815 1
189 280 1795 1
356 160 1947 1
377 228 1906 1
407 274 1846 1
419 283 1830 1
287 261 1957 1
246 341 1804 1
240 415 1784 1
261 414 1824 1
328 262 1971 1
364 345 1840 1
360 415 1837 1
364 434 1758 1
308 240 1965 1
309 221 1980 1
313 121 1960 1
314 70 1975 1
265 156 1932 1
217 202 1882 1
173 236 1815 1
158 248 1796 1
356 158 1951 1
392 213 1897 1
426 256 1833 1
450 266 1814 1
286 260 1957 1
246 341 1804 1
241 414 1784 1
262 414 1822 1
328 261 1971 1
363 344 1834 1
361 415 1833 1
344 421 1870 1
307 232 1965 1
307 213 1985 1
311 113 1984 1
312 65 1991 1
261 146 1952 1
209 175 1886 1
159 201 1815 1
142 211 1798 1
356 151 1965 1
405 193 1894 1
456 226 1830 1
480 230 1817 1
284 253 1953 1
248 337 1809 1
243 410 1789 1
260 420 1818 1
328 254 1968 1
359 339 1839 1
359 410 1832 1
346 425 1855 1
306 220 1963 1
307 202 1990 1
310 105 1998 1
310 56 2010 1
258 135 1968 1
201 150 1893 1
147 166 1820 1
128 172 1799 1
355 138 1984 1
414 169 1899 1
473 194 1835 1
491 197 1831 1
283 242 1948 1
252 331 1819 1
249 402 1812 1
247 420 1732 1
328 242 1961 1
356 333 1847 1
356 404 1834 1
359 421 1754 1
306 211 1960 1
306 193 1992 1
309 94 2017 1
309 47 2027 1
257 123 1985 1
192 119 1901 1
138 134 1827 1
119 140 1807 1
354 127 1994 1
412 142 1920 1
470 155 1861 1
489 155 1846 1
283 232 1943 1
255 327 1836 1
251 399 1831 1
249 415 1750 1
327 233 1954 1
353 331 1856 1
354 402 1839 1
357 418 1758 1
305 197 1958 1
305 180 1994 1
307 85 2029 1
308 36 2042 1
255 110 2003 1
190 101 1919 1
133 85 1830 1
113 80 1804 1
354 116 2008 1
421 116 1940 1
477 116 1887 1
495 111 1873 1
281 220 1938 1
260 323 1863 1
255 400 1854 1
252 416 1773 1
327 221 1947 1
349 327 1874 1
349 397 1866 1
351 413 1785 1
304 188 1957 1
305 172 1996 1
306 77 2036 1
306 30 2049 1
253 99 2018 1
194 71 1948 1
125 31 1804 1
99 17 1760 1
354 103 2015 1
412 95 1971 1
467 82 1922 1
491 74 1899 1
281 211 1936 1
265 320 1886 1
258 398 1868 1
252 421 1840 1
327 211 1943 1
345 323 1895 1
347 395 1892 1
348 410 1811 1
304 180 1956 1
305 164 1997 1
305 72 2038 1
305 28 2050 1
251 94 2024 1
192 49 1965 1
143 15 1876 1
127 2 1845 1
354 94 2020 1
418 71 1989 1
475 46 1947 1
495 35 1933 1
281 203 1933 1
269 318 1907 1
262 396 1882 1
259 411 1801 1
328 202 1940 1
341 320 1913 1
346 395 1907 1
347 410 1826 1
303 174 1954 1
303 159 1997 1
304 66 2039 1
304 23 2051 1
250 85 2033 1
197 36 1991 1
157 -7 1918 1
143 -22 1901 1
352 88 2019 1
413 55 2010 1
460 28 1981 1
481 16 1970 1
279 197 1934 1
272 318 1922 1
267 400 1904 1
257 419 1857 1
326 196 1936 1
337 318 1924 1
344 396 1921 1
345 411 1840 1
302 171 1954 1
303 156 1998 1
303 63 2038 1
303 21 2052 1
250 81 2039 1
205 27 2014 1
167 -17 1954 1
155 -32 1941 1
351 82 2021 1
406 46 2023 1
447 14 2020 1
452 13 2021 1
279 194 1936 1
273 317 1931 1
267 402 1923 1
260 418 1864 1
325 193 1934 1
336 317 1933 1
342 397 1937 1
343 419 1907 1
302 169 1954 1
303 154 1999 1
302 61 2037 1
302 19 2054 1
251 79 2044 1
207 27 2021 1
171 -17 1967 1
159 -32 1955 1
351 80 2024 1
403 37 2037 1
446 10 2035 1
461 3 2030 1
279 191 1937 1
273 315 1935 1
267 403 1936 1
261 416 1870 1
324 191 1934 1
335 315 1936 1
341 396 1951 1
343 418 1914 1
302 169 1954 1
303 154 2000 1
302 61 2036 1
301 19 2055 1
251 79 2048 1
208 28 2023 1
172 -17 1964 1
160 -32 1950 1
349 80 2022 1
401 38 2037 1
441 7 2042 1
455 2 2053 1
279 191 1937 1
273 315 1936 1
267 402 1934 1
261 417 1870 1
324 191 1934 1
335 314 1936 1
341 397 1953 1
342 418 1915 1
302 169 1955 1
303 154 2001 1
301 61 2036 1
301 19 2055 1
251 79 2050 1
207 32 2023 1
172 -14 1949 1
160 -29 1930 1
349 80 2023 1
402 38 2038 1
441 8 2043 1
455 1 2052 1
279 191 1938 1
272 314 1934 1
267 402 1932 1
263 418 1868 1
324 191 1934 1
336 315 1936 1
341 397 1954 1
341 419 1916 1
302 172 1956 1
303 157 2003 1
300 64 2035 1
300 22 2054 1
251 82 2053 1
203 44 2016 1
157 8 1910 1
144 -7 1882 1
349 82 2019 1
405 45 2037 1
448 18 2036 1
462 10 2037 1
280 194 1938 1
270 315 1919 1
264 399 1891 1
260 414 1810 1
325 194 1939 1
337 317 1930 1
340 400 1954 1
341 422 1920 1
303 179 1958 1
304 164 2005 1
301 69 2027 1
299 26 2051 1
253 93 2037 1
200 63 2002 1
155 27 1899 1
142 13 1859 1
350 88 2012 1
411 60 2025 1
458 30 2025 1
474 18 2028 1
281 202 1941 1
268 318 1891 1
263 400 1881 1
259 416 1800 1
325 201 1944 1
339 319 1916 1
340 400 1949 1
340 423 1920 1
302 187 1961 1
304 171 2006 1
301 75 2015 1
298 29 2039 1
252 99 2026 1
191 82 1974 1
142 49 1882 1
123 34 1820 1
349 99 1990 1
413 78 2006 1
473 49 2010 1
487 39 2002 1
281 209 1946 1
265 320 1875 1
260 399 1857 1
255 415 1776 1
325 208 1950 1
342 321 1895 1
342 401 1915 1
341 416 1835 1
303 194 1963 1
304 177 2007 1
302 80 2005 1
298 36 2019 1
253 107 2006 1
192 103 1963 1
137 86 1865 1
115 78 1805 1
348 107 1976 1
406 99 1987 1
457 93 1985 1
480 85 1978 1
281 216 1950 1
261 322 1858 1
257 398 1838 1
252 415 1757 1
325 216 1956 1
345 321 1884 1
347 397 1879 1
346 413 1799 1
303 204 1965 1
304 187 2005 1
302 90 1985 1
299 42 2006 1
254 120 1981 1
199 129 1952 1
142 125 1870 1
112 116 1774 1
348 118 1958 1
414 126 1963 1
467 128 1960 1
489 119 1957 1
282 226 1954 1
259 321 1853 1
255 397 1828 1
250 414 1748 1
325 225 1963 1
350 325 1869 1
350 394 1862 1
350 411 1783 1
304 216 1965 1
305 197 2000 1
304 98 1969 1
299 51 1990 1
256 129 1955 1
199 152 1927 1
142 154 1852 1
122 155 1831 1
348 128 1943 1
414 151 1944 1
466 163 1930 1
486 163 1927 1
283 236 1956 1
256 324 1847 1
252 396 1816 1
248 414 1737 1
325 237 1970 1
352 325 1865 1
352 395 1853 1
353 412 1774 1
303 226 1964 1
304 207 1992 1
303 110 1949 1
300 61 1967 1
255 139 1941 1
207 175 1912 1
162 207 1853 1
149 220 1838 1
349 141 1927 1
411 178 1921 1
468 207 1900 1
487 197 1900 1
281 247 1956 1
249 333 1833 1
246 406 1802 1
258 422 1830 1
324 247 1971 1
358 332 1857 1
357 402 1847 1
346 419 1865 1
303 233 1963 1
303 213 1987 1
303 116 1942 1
300 65 1959 1
253 153 1924 1
211 202 1892 1
177 247 1844 1
163 259 1832 1
350 148 1922 1
399 202 1911 1
464 240 1873 1
479 231 1877 1
281 254 1958 1
245 339 1818 1
241 412 1794 1
258 426 1810 1
324 254 1971 1
361 337 1851 1
360 407 1844 1
347 421 1869 1
303 241 1962 1
303 222 1980 1
303 124 1926 1
301 74 1946 1
255 159 1913 1
220 221 1887 1
193 270 1847 1
180 291 1830 1
351 157 1919 1
387 217 1907 1
415 265 1865 1
435 279 1849 1
281 262 1961 1
243 344 1805 1
236 418 1778 1
257 412 1821 1
324 262 1970 1
364 344 1841 1
363 414 1837 1
344 416 1876 1
303 244 1961 1
303 225 1976 1
303 126 1921 1
301 76 1942 1
256 163 1906 1
226 225 1890 1
203 276 1854 1
187 296 1838 1
350 161 1916 1
381 227 1903 1
407 276 1860 1
419 283 1846 1
281 265 1962 1
243 346 1798 1
236 420 1776 1
256 408 1814 1
324 264 1969 1
364 346 1836 1
364 416 1834 1
345 415 1876 1
303 245 1960 1
303 225 1972 1
303 127 1918 1
302 77 1939 1
256 163 1904 1
227 224 1891 1
203 275 1851 1
186 294 1832 1
349 162 1915 1
381 227 1905 1
408 276 1860 1
419 282 1842 1
281 265 1962 1
243 346 1794 1
237 420 1775 1
256 410 1818 1
324 265 1968 1
363 347 1832 1
362 417 1836 1
343 415 1876 1
303 245 1960 1
303 225 1970 1
303 126 1917 1
302 76 1937 1
257 162 1902 1
223 216 1893 1
175 264 1825 1
157 269 1807 1
350 161 1917 1
387 217 1916 1
419 261 1860 1
426 263 1835 1
281 265 1961 1
244 346 1794 1
237 420 1774 1
258 410 1811 1
324 265 1968 1
362 347 1831 1
363 417 1833 1
343 415 1872 1
304 237 1954 1
304 218 1963 1
305 120 1916 1
303 71 1936 1
256 153 1904 1
209 198 1894 1
161 246 1824 1
144 263 1804 1
352 156 1926 1
399 204 1917 1
438 243 1862 1
452 255 1846 1
282 259 1954 1
246 342 1801 1
239 416 1778 1
260 416 1812 1
325 259 1965 1
361 343 1837 1
362 413 1833 1
343 418 1869 1
305 224 1950 1
305 205 1958 1
305 108 1919 1
303 60 1939 1
254 139 1914 1
203 175 1894 1
155 204 1819 1
138 214 1798 1
354 142 1941 1
407 185 1920 1
465 208 1852 1
483 208 1823 1
282 247 1947 1
250 333 1818 1
244 405 1794 1
243 425 1717 1
328 246 1961 1
358 333 1853 1
359 403 1841 1
349 422 1856 1
305 214 1950 1
305 195 1958 1
305 97 1928 1
303 48 1945 1
253 127 1924 1
199 150 1903 1
142 159 1843 1
123 161 1818 1
354 131 1945 1
414 159 1931 1
467 175 1887 1
485 173 1857 1
283 236 1946 1
253 323 1833 1
248 398 1810 1
247 417 1732 1
328 236 1959 1
357 327 1865 1
357 397 1849 1
360 415 1771 1
306 199 1948 1
305 181 1956 1
303 85 1933 1
303 35 1954 1
251 115 1932 1
195 126 1909 1
137 119 1832 1
119 108 1730 1
354 116 1950 1
415 132 1944 1
468 145 1915 1
486 142 1887 1
283 224 1943 1
257 318 1845 1
251 397 1823 1
249 415 1745 1
329 222 1954 1
354 321 1881 1
354 397 1867 1
357 415 1789 1
306 191 1949 1
305 171 1957 1
304 72 1943 1
303 27 1952 1
250 101 1938 1
188 102 1913 1
133 81 1804 1
129 78 1769 1
353 102 1956 1
412 110 1956 1
470 109 1934 1
487 103 1911 1
283 213 1942 1
263 314 1862 1
255 397 1835 1
254 415 1756 1
329 214 1953 1
351 317 1895 1
352 394 1880 1
355 411 1801 1
306 181 1945 1
305 162 1954 1
303 65 1943 1
302 20 1949 1
251 91 1940 1
186 78 1919 1
134 49 1796 1
115 35 1726 1
353 92 1957 1
412 85 1971 1
466 78 1956 1
489 70 1931 1
283 205 1938 1
268 313 1881 1
258 397 1848 1
257 414 1769 1
329 202 1947 1
346 311 1913 1
349 393 1892 1
352 410 1814 1
306 175 1942 1
305 155 1953 1
302 51 1948 1
303 5 1931 1
253 84 1942 1
191 59 1929 1
141 26 1817 1
122 11 1746 1
352 84 1957 1
415 66 1980 1
475 42 1961 1
492 31 1930 1
284 198 1934 1
272 311 1896 1
262 397 1860 1
261 414 1781 1
329 197 1944 1
341 309 1932 1
347 394 1906 1
349 410 1827 1
306 172 1940 1
306 152 1952 1
303 47 1948 1
304 2 1929 1
255 80 1943 1
196 42 1938 1
147 7 1821 1
133 -4 1749 1
348 79 1951 1
409 50 1983 1
458 29 1979 1
480 17 1961 1
285 193 1929 1
275 309 1912 1
264 396 1871 1
262 413 1792 1
329 192 1943 1
339 307 1954 1
344 394 1921 1
345 410 1842 1
307 168 1939 1
306 148 1952 1
303 43 1949 1
305 -1 1920 1
255 74 1947 1
198 35 1939 1
149 1 1822 1
132 -10 1787 1
347 75 1950 1
405 42 1984 1
448 15 1993 1
462 7 1998 1
286 189 1926 1
276 309 1922 1
266 396 1879 1
264 413 1799 1
329 188 1943 1
338 306 1966 1
341 392 1933 1
343 408 1854 1
308 163 1938 1
307 144 1952 1
303 41 1948 1
306 -4 1914 1
254 72 1947 1
200 31 1940 1
151 -3 1823 1
134 -15 1788 1
351 68 1961 1
406 31 1993 1
451 9 2022 1
466 2 2036 1
286 186 1924 1
277 310 1928 1
266 396 1882 1
265 413 1803 1
330 185 1943 1
337 306 1972 1
340 391 1943 1
342 407 1863 1
308 163 1938 1
307 143 1953 1
304 40 1948 1
311 -4 1916 1
255 72 1947 1
202 29 1938 1
153 -5 1820 1
135 -17 1785 1
351 67 1962 1
406 29 1994 1
446 6 2030 1
459 0 2046 1
287 185 1923 1
277 310 1929 1
267 397 1886 1
266 414 1806 1
331 185 1944 1
337 306 1973 1
339 392 1950 1
341 408 1870 1
308 163 1938 1
307 143 1953 1
305 41 1946 1
312 -4 1914 1
256 73 1943 1
203 29 1931 1
161 -13 1795 1
145 -28 1754 1
352 67 1962 1
405 28 1994 1
446 6 2030 1
459 0 2046 1
287 185 1923 1
276 310 1925 1
268 399 1888 1
267 415 1809 1
331 185 1944 1
338 306 1971 1
338 394 1954 1
341 410 1875 1
309 166 1939 1
308 146 1953 1
307 44 1939 1
309 -1 1924 1
257 75 1937 1
202 31 1908 1
158 -13 1802 1
142 -28 1773 1
353 70 1956 1
405 29 1991 1
446 6 2024 1
459 0 2039 1
287 188 1926 1
274 311 1903 1
268 401 1887 1
267 418 1808 1
331 187 1946 1
339 307 1954 1
338 396 1955 1
341 412 1876 1
310 170 1942 1
309 151 1952 1
309 56 1922 1
308 11 1938 1
257 82 1927 1
199 40 1872 1
152 -2 1767 1
136 -17 1738 1
357 77 1950 1
412 39 1980 1
455 13 1994 1
468 3 2000 1
287 194 1934 1
267 309 1874 1
266 401 1879 1
265 419 1801 1
332 193 1950 1
345 309 1922 1
340 396 1950 1
342 413 1872 1
310 180 1944 1
310 162 1950 1
309 66 1918 1
308 21 1932 1
257 91 1914 1
195 57 1849 1
148 13 1740 1
133 -1 1705 1
359 90 1933 1
417 56 1972 1
461 29 1979 1
472 19 1970 1
288 203 1940 1
262 308 1853 1
259 397 1846 1
257 415 1768 1
332 203 1953 1
350 308 1901 1
345 395 1907 1
348 412 1829 1
310 195 1945 1
310 176 1948 1
313 80 1905 1
310 31 1923 1
260 104 1891 1
185 80 1815 1
139 34 1704 1
133 25 1671 1
361 103 1915 1
422 82 1959 1
475 46 1965 1
486 30 1948 1
288 216 1946 1
259 309 1842 1
254 394 1821 1
253 413 1744 1
331 217 1955 1
358 313 1873 1
349 392 1877 1
352 411 1800 1
310 210 1945 1
311 192 1943 1
315 96 1890 1
313 49 1904 1
262 120 1875 1
187 108 1806 1
134 74 1694 1
124 62 1658 1
361 121 1898 1
418 110 1936 1
473 93 1963 1
491 76 1954 1
288 232 1948 1
256 318 1830 1
252 395 1815 1
251 414 1739 1
331 232 1957 1
361 321 1859 1
357 391 1847 1
345 410 1879 1
311 228 1947 1
312 209 1943 1
317 112 1881 1
315 64 1888 1
266 139 1858 1
197 145 1814 1
140 123 1704 1
116 111 1648 1
363 140 1887 1
427 134 1931 1
483 129 1955 1
499 116 1951 1
289 248 1951 1
253 332 1821 1
248 405 1801 1
254 423 1830 1
331 249 1963 1
364 334 1846 1
360 405 1829 1
345 421 1844 1
311 240 1949 1
312 222 1941 1
319 127 1867 1
317 77 1875 1
267 157 1849 1
205 173 1821 1
145 181 1741 1
125 185 1715 1
367 157 1884 1
421 168 1907 1
482 172 1940 1
500 157 1940 1
289 261 1956 1
249 343 1808 1
245 416 1792 1
244 419 1721 1
331 262 1968 1
362 348 1845 1
356 419 1828 1
343 400 1852 1
312 258 1944 1
313 240 1932 1
320 150 1844 1
321 100 1849 1
269 181 1835 1
209 218 1824 1
159 251 1768 1
142 260 1740 1
370 182 1879 1
424 213 1890 1
474 234 1903 1
492 239 1894 1
289 278 1956 1
242 353 1771 1
238 428 1752 1
238 451 1680 1
331 280 1968 1
364 369 1836 1
355 404 1829 1
359 425 1757 1
312 259 1944 1
313 242 1931 1
320 153 1840 1
322 101 1848 1
269 184 1833 1
211 227 1828 1
163 262 1792 1
154 269 1775 1
370 185 1879 1
419 221 1880 1
470 251 1883 1
491 256 1872 1
289 279 1956 1
242 354 1765 1
238 428 1751 1
238 452 1679 1
331 281 1968 1
364 353 1823 1
354 405 1829 1
359 426 1758 1
311 260 1944 1
313 243 1931 1
320 154 1839 1
323 103 1845 1
269 186 1832 1
209 228 1829 1
162 263 1803 1
155 268 1786 1
371 187 1879 1
419 223 1875 1
468 254 1868 1
491 261 1852 1
288 280 1958 1
242 354 1761 1
238 428 1745 1
238 452 1674 1
331 282 1969 1
364 353 1823 1
352 405 1829 1
357 427 1758 1
311 260 1944 1
313 243 1930 1
321 154 1839 1
326 102 1846 1
269 185 1832 1
210 219 1836 1
160 246 1837 1
155 248 1818 1
371 187 1879 1
419 223 1871 1
469 252 1856 1
491 258 1833 1
288 280 1958 1
242 354 1761 1
238 428 1745 1
238 452 1674 1
331 282 1969 1
364 350 1826 1
352 405 1827 1
356 427 1756 1
312 257 1944 1
314 239 1930 1
323 149 1843 1
328 98 1853 1
270 178 1836 1
215 198 1842 1
162 219 1838 1
144 226 1827 1
372 184 1882 1
421 215 1865 1
475 236 1840 1
496 240 1821 1
289 276 1954 1
243 352 1765 1
239 426 1749 1
239 449 1677 1
332 279 1972 1
374 356 1796 1
361 428 1785 1
366 451 1713 1
314 247 1946 1
315 229 1932 1
324 136 1856 1
332 88 1867 1
272 164 1847 1
214 181 1848 1
159 192 1846 1
141 198 1839 1
375 173 1890 1
423 201 1867 1
480 219 1843 1
505 218 1823 1
290 267 1951 1
247 345 1777 1
243 419 1761 1
261 417 1813 1
334 270 1974 1
370 350 1807 1
358 422 1796 1
363 444 1723 1
315 236 1950 1
316 219 1937 1
325 127 1864 1
332 79 1874 1
272 152 1860 1
212 163 1855 1
156 160 1853 1
139 163 1859 1
376 160 1898 1
432 183 1872 1
489 195 1849 1
514 193 1831 1
290 256 1956 1
251 335 1793 1
248 408 1780 1
247 429 1707 1
335 261 1975 1
367 343 1817 1
357 414 1808 1
342 421 1850 1
316 223 1955 1
317 205 1944 1
325 111 1879 1
332 65 1891 1
272 137 1876 1
209 142 1866 1
152 140 1853 1
127 135 1833 1
377 146 1908 1
425 172 1893 1
490 168 1868 1
515 163 1851 1
291 245 1959 1
254 326 1809 1
252 399 1794 1
251 419 1719 1
336 247 1978 1
362 331 1835 1
354 402 1824 1
357 422 1749 1
316 212 1956 1
317 194 1945 1
325 101 1887 1
332 51 1907 1
271 122 1890 1
196 115 1876 1
139 110 1856 1
114 100 1823 1
377 133 1917 1
433 145 1905 1
489 145 1890 1
513 138 1877 1
291 232 1960 1
260 319 1830 1
255 397 1802 1
254 417 1727 1
337 237 1977 1
358 324 1851 1
353 401 1829 1
356 421 1754 1
317 199 1958 1
319 180 1949 1
326 86 1904 1
332 38 1923 1
271 109 1903 1
198 100 1892 1
139 81 1842 1
123 71 1834 1
378 119 1926 1
449 118 1917 1
504 115 1907 1
528 109 1896 1
292 223 1960 1
263 315 1842 1
257 397 1819 1
255 416 1743 1
339 223 1973 1
355 320 1861 1
350 400 1846 1
353 419 1770 1
318 192 1958 1
319 173 1950 1
326 78 1909 1
332 33 1927 1
272 100 1910 1
199 80 1897 1
140 56 1838 1
124 44 1814 1
377 110 1931 1
446 100 1931 1
500 95 1929 1
524 87 1919 1
293 213 1958 1
268 312 1862 1
259 396 1835 1
258 415 1759 1
339 217 1973 1
350 314 1877 1
348 400 1858 1
350 419 1782 1
318 184 1958 1
320 165 1951 1
327 68 1914 1
332 23 1928 1
273 93 1915 1
208 69 1912 1
141 34 1835 1
134 29 1824 1
376 98 1934 1
443 84 1940 1
496 71 1929 1
518 61 1929 1
293 206 1957 1
271 309 1874 1
261 396 1843 1
259 415 1767 1
340 207 1973 1
348 311 1891 1
346 397 1872 1
349 416 1796 1
319 179 1959 1
320 160 1951 1
327 59 1917 1
333 14 1922 1
274 86 1922 1
211 66 1920 1
159 34 1864 1
136 20 1821 1
374 92 1934 1
440 77 1943 1
490 57 1935 1
511 45 1935 1
294 200 1957 1
272 307 1884 1
262 395 1853 1
260 414 1776 1
340 203 1973 1
346 307 1912 1
345 395 1893 1
347 413 1817 1
318 177 1961 1
320 157 1953 1
327 56 1918 1
333 11 1920 1
274 83 1924 1
208 51 1921 1
154 27 1859 1
138 14 1833 1
372 89 1933 1
440 69 1948 1
491 50 1934 1
511 37 1937 1
295 197 1958 1
272 303 1892 1
262 395 1860 1
260 413 1783 1
339 200 1976 1
346 305 1926 1
346 395 1914 1
347 413 1838 1
318 176 1964 1
320 156 1956 1
327 52 1920 1
334 7 1916 1
276 81 1924 1
209 51 1920 1
155 25 1860 1
148 19 1842 1
371 87 1932 1
439 67 1946 1
490 48 1933 1
510 35 1934 1
295 195 1962 1
271 302 1896 1
262 395 1865 1
260 413 1788 1
338 198 1979 1
347 303 1938 1
348 391 1947 1
349 409 1870 1
318 175 1968 1
320 155 1958 1
327 52 1920 1
334 7 1917 1
276 81 1925 1
209 51 1918 1
155 25 1857 1
145 18 1832 1
371 87 1931 1
439 67 1944 1
490 47 1931 1
510 36 1935 1
295 194 1967 1
269 299 1902 1
262 393 1867 1
260 412 1790 1
338 197 1983 1
349 301 1943 1
348 390 1946 1
349 407 1870 1
319 176 1972 1
320 156 1961 1
327 55 1919 1
334 10 1920 1
277 82 1924 1
210 67 1914 1
151 37 1835 1
129 22 1790 1
371 87 1931 1
438 79 1924 1
491 60 1909 1
512 50 1912 1
296 195 1973 1
266 297 1900 1
262 391 1869 1
260 409 1792 1
338 198 1988 1
352 296 1944 1
349 385 1946 1
350 403 1869 1
319 180 1980 1
321 161 1968 1
328 70 1912 1
331 25 1931 1
278 89 1918 1
205 81 1903 1
150 58 1831 1
120 31 1770 1
373 92 1924 1
442 92 1914 1
497 77 1894 1
515 73 1893 1
296 200 1987 1
264 297 1897 1
261 391 1870 1
259 410 1794 1
339 202 1997 1
353 296 1943 1
350 385 1945 1
351 403 1869 1
319 194 1993 1
320 176 1977 1
326 81 1908 1
331 29 1927 1
278 104 1905 1
208 103 1897 1
150 87 1828 1
131 82 1809 1
374 109 1913 1
439 113 1910 1
495 107 1890 1
520 101 1879 1
296 213 1998 1
261 300 1888 1
260 394 1869 1
258 414 1795 1
338 216 2016 1
355 302 1938 1
353 393 1930 1
355 412 1856 1
319 206 1997 1
320 188 1980 1
328 96 1899 1
332 44 1912 1
279 116 1899 1
215 123 1888 1
157 118 1828 1
141 127 1814 1
372 122 1891 1
424 135 1904 1
481 140 1882 1
499 136 1872 1
298 225 2007 1
259 304 1882 1
257 391 1858 1
253 411 1785 1
337 225 2020 1
359 311 1931 1
355 402 1922 1
355 412 1974 1
318 221 2004 1
319 203 1985 1
327 106 1898 1
332 57 1902 1
279 133 1892 1
219 149 1873 1
162 160 1822 1
143 163 1807 1
370 139 1885 1
434 160 1892 1
490 172 1860 1
509 174 1846 1
297 238 2014 1
258 315 1873 1
255 391 1848 1
251 412 1775 1
336 240 2027 1
364 323 1919 1
353 394 1921 1
354 414 1848 1
317 228 2002 1
319 210 1983 1
325 118 1896 1
331 64 1899 1
278 143 1890 1
218 171 1864 1
165 194 1817 1
149 203 1803 1
370 151 1890 1
428 180 1881 1
479 205 1851 1
493 214 1838 1
296 246 2013 1
258 324 1867 1
256 398 1842 1
253 419 1770 1
335 249 2026 1
367 330 1903 1
354 395 1912 1
355 415 1840 1
316 236 2001 1
317 219 1982 1
324 126 1896 1
330 74 1898 1
276 152 1889 1
216 197 1857 1
171 233 1813 1
160 242 1802 1
370 164 1903 1
425 202 1880 1
473 234 1846 1
493 249 1829 1
295 255 2013 1
258 333 1856 1
254 404 1834 1
252 425 1762 1
335 257 2025 1
371 337 1893 1
362 406 1878 1
350 412 1929 1
315 242 2000 1
316 224 1982 1
323 131 1899 1
329 78 1900 1
274 161 1886 1
220 212 1861 1
179 253 1819 1
167 263 1814 1
370 168 1912 1
418 214 1890 1
463 250 1850 1
484 264 1831 1
293 260 2011 1
257 338 1844 1
252 410 1817 1
262 424 1853 1
334 263 2024 1
373 341 1884 1
366 411 1866 1
369 432 1794 1
315 244 2000 1
316 226 1982 1
322 134 1900 1
327 81 1903 1
273 163 1888 1
220 214 1864 1
179 255 1820 1
167 268 1815 1
368 171 1920 1
417 217 1895 1
455 259 1863 1
474 275 1852 1
293 263 2008 1
257 340 1832 1
251 412 1808 1
269 420 1841 1
334 264 2025 1
373 342 1882 1
362 403 1884 1
366 423 1811 1
315 244 2000 1
316 226 1982 1
321 134 1904 1
325 82 1906 1
272 164 1891 1
220 214 1870 1
179 254 1820 1
167 266 1817 1
367 170 1930 1
417 218 1900 1
455 259 1869 1
475 274 1860 1
293 263 2008 1
257 339 1828 1
250 412 1800 1
270 419 1830 1
334 264 2025 1
373 342 1883 1
363 403 1882 1
367 424 1809 1
315 242 1999 1
316 224 1982 1
319 130 1915 1
322 78 1918 1
269 160 1907 1
217 208 1883 1
170 241 1830 1
162 247 1823 1
366 166 1945 1
416 211 1916 1
462 243 1897 1
479 255 1890 1
293 262 2007 1
258 339 1826 1
251 412 1799 1
269 420 1831 1
335 263 2022 1
372 342 1885 1
369 412 1867 1
373 432 1793 1
315 233 1998 1
315 215 1985 1
318 120 1935 1
322 69 1940 1
268 151 1922 1
212 191 1897 1
164 221 1834 1
156 226 1826 1
366 157 1957 1
418 194 1935 1
469 225 1906 1
484 237 1904 1
292 255 2002 1
261 334 1836 1
258 406 1812 1
258 426 1737 1
336 255 2017 1
370 336 1895 1
365 406 1879 1
369 425 1803 1
315 213 2002 1
316 194 1994 1
319 99 1964 1
321 48 1972 1
267 128 1948 1
212 152 1917 1
158 171 1857 1
141 177 1831 1
364 135 1978 1
420 162 1960 1
476 184 1938 1
493 190 1932 1
292 234 1999 1
269 322 1882 1
263 398 1845 1
262 417 1768 1
336 235 2016 1
358 321 1936 1
354 391 1915 1
357 409 1839 1
316 207 2002 1
316 188 1995 1
318 90 1975 1
321 41 1985 1
267 119 1955 1
213 136 1926 1
158 147 1861 1
132 149 1832 1
363 124 1986 1
423 147 1974 1
477 161 1955 1
494 165 1943 1
293 229 1997 1
270 321 1893 1
266 399 1883 1
258 419 1835 1
337 229 2015 1
355 320 1945 1
351 393 1934 1
354 410 1857 1
316 199 2001 1
317 180 1997 1
319 81 1988 1
321 33 1997 1
268 109 1962 1
205 119 1929 1
148 123 1857 1
121 123 1821 1
364 116 1995 1
419 131 1988 1
484 147 1971 1
501 145 1964 1
294 221 1993 1
274 320 1915 1
266 399 1892 1
266 417 1814 1
338 221 2011 1
349 318 1963 1
348 395 1948 1
345 411 1982 1
316 193 1999 1
317 174 1997 1
319 76 1994 1
320 30 2002 1
268 103 1968 1
207 109 1933 1
138 101 1842 1
112 97 1813 1
364 105 2004 1
421 121 1996 1
482 128 1981 1
499 128 1975 1
294 215 1989 1
276 320 1931 1
266 399 1894 1
267 416 1816 1
338 215 2007 1
343 313 1989 1
343 394 1982 1
346 411 1904 1
317 189 1998 1
317 170 1997 1
319 72 1999 1
320 29 2008 1
269 98 1974 1
204 100 1938 1
138 83 1841 1
116 78 1808 1
364 103 2005 1
417 114 2002 1
484 112 1988 1
502 111 1983 1
294 210 1986 1
278 318 1944 1
267 398 1910 1
261 419 1871 1
338 211 2004 1
341 315 2004 1
342 394 1988 1
345 410 1910 1
316 186 1996 1
317 167 2000 1
319 69 2006 1
320 26 2015 1
269 96 1980 1
202 92 1952 1
148 70 1856 1
117 56 1801 1
365 100 2009 1
418 108 2011 1
484 106 2001 1
501 105 1994 1
294 207 1984 1
279 318 1951 1
269 398 1921 1
262 418 1874 1
338 208 2001 1
340 315 2011 1
342 394 1994 1
342 415 1960 1
316 185 1996 1
317 166 2002 1
319 68 2010 1
319 25 2021 1
269 95 1985 1
202 90 1951 1
148 60 1850 1
122 43 1799 1
365 99 2010 1
429 101 2025 1
482 100 2010 1
499 101 2004 1
294 206 1984 1
279 317 1955 1
268 399 1934 1
264 417 1876 1
338 207 1999 1
339 316 2016 1
341 394 1997 1
342 415 1960 1
316 185 1996 1
317 166 2004 1
319 68 2011 1
319 26 2027 1
269 95 1988 1
202 89 1953 1
149 60 1851 1
125 41 1803 1
365 99 2010 1
429 101 2026 1
482 99 2014 1
498 98 2013 1
294 206 1983 1
279 318 1958 1
268 399 1935 1
264 417 1877 1
338 207 1998 1
339 317 2019 1
341 395 1998 1
342 416 1958 1
316 186 1994 1
316 167 2006 1
319 69 2014 1
319 27 2032 1
268 96 1995 1
203 92 1957 1
153 61 1856 1
134 44 1814 1
365 100 2011 1
429 104 2029 1
481 100 2017 1
502 99 2019 1
293 207 1982 1
279 318 1959 1
268 399 1934 1
263 417 1878 1
337 208 1993 1
340 319 2018 1
340 396 1999 1
341 417 1960 1
316 189 1990 1
316 170 2007 1
319 72 2021 1
318 27 2034 1
268 98 2000 1
202 107 1974 1
158 71 1858 1
141 58 1818 1
364 103 2011 1
421 114 2033 1
481 109 2023 1
504 108 2020 1
293 210 1977 1
278 320 1961 1
268 400 1937 1
263 418 1880 1
337 212 1986 1
340 322 2016 1
337 398 2008 1
342 417 1957 1
316 193 1985 1
316 174 2007 1
319 76 2028 1
318 28 2038 1
268 104 2006 1
207 120 1981 1
162 89 1856 1
146 76 1818 1
364 106 2013 1
426 125 2038 1
480 129 2027 1
503 126 2019 1
293 214 1971 1
278 322 1963 1
268 400 1939 1
264 418 1882 1
337 215 1978 1
340 324 2012 1
338 398 2002 1
340 418 1960 1
316 196 1980 1
316 177 2006 1
318 77 2031 1
318 29 2040 1
269 109 2010 1
216 132 1974 1
167 110 1854 1
153 101 1821 1
363 109 2015 1
424 132 2039 1
473 150 2022 1
491 148 2011 1
294 217 1965 1
279 324 1964 1
269 399 1938 1
264 418 1886 1
337 218 1972 1
340 325 2008 1
339 397 1999 1
340 418 1963 1
316 197 1977 1
316 178 2006 1
318 78 2032 1
318 29 2043 1
269 111 2011 1
221 146 1985 1
173 142 1849 1
150 133 1796 1
363 110 2019 1
417 147 2038 1
467 169 2010 1
484 174 1993 1
294 218 1961 1
279 325 1963 1
269 399 1938 1
267 419 1890 1
337 218 1968 1
340 324 2002 1
340 397 1994 1
339 419 1964 1
316 197 1973 1
316 178 2007 1
318 78 2033 1
318 30 2045 1
270 112 2010 1
230 154 1995 1
186 165 1859 1
165 168 1803 1
362 111 2022 1
412 157 2036 1
458 189 1991 1
474 194 1977 1
294 218 1956 1
279 325 1963 1
270 398 1937 1
267 419 1892 1
337 218 1965 1
340 323 1994 1
341 396 1988 1
342 411 1908 1
316 197 1971 1
316 179 2007 1
318 78 2035 1
318 30 2046 1
270 112 2008 1
236 160 1993 1
201 188 1870 1
184 199 1816 1
361 111 2024 1
400 164 2036 1
436 201 1986 1
452 211 1967 1
295 218 1950 1
279 324 1962 1
270 398 1937 1
267 419 1892 1
337 218 1963 1
340 323 1987 1
341 396 1981 1
343 410 1900 1
