0.01138762 0.1690129 2.003773 1
0.0002263575 0.2169951 2.06042 1
-0.03436793 0.5650394 2.117286 1
-0.01805185 0.7438871 2.11341 1
-0.1697339 0.4481378 2.068707 1
-0.2310358 0.2517434 2.034575 1
-0.2841852 0.07893373 1.975965 1
-0.2960029 0.01342086 1.936456 1
0.1256084 0.4414897 2.100912 1
0.1791044 0.2061961 2.069023 1
0.2290375 0.04159804 2.009565 1
0.2557376 -0.0008362388 1.984079 1
-0.04363296 0.1025344 1.969057 1
-0.1187373 -0.2794575 1.959708 1
-0.124773 -0.5239811 1.93543 1
-0.1155427 -0.5490786 1.854686 1
0.08032191 0.1065154 1.997536 1
0.07369754 -0.2945563 1.977734 1
0.08615857 -0.5557798 1.974753 1
0.05581235 -0.612069 1.941025 1
0.01102898 0.1683614 2.003276 1
-1.485227E-05 0.2170717 2.060344 1
-0.03433786 0.5657237 2.11759 1
-0.01927843 0.7437105 2.112783 1
-0.1702923 0.4483491 2.069488 1
-0.2345379 0.2477251 2.036601 1
-0.2916678 0.07564901 1.980255 1
-0.3089313 0.01212593 1.941602 1
0.1255331 0.4418751 2.101465 1
0.1813618 0.2070709 2.071662 1
0.2405472 0.04504621 2.013767 1
0.2659552 -0.002916705 1.984797 1
-0.04447286 0.1016332 1.968485 1
-0.1185294 -0.2796556 1.959859 1
-0.1248193 -0.5240884 1.935559 1
-0.1156706 -0.5491892 1.854776 1
0.0802587 0.1057697 1.996783 1
0.07369924 -0.2945755 1.977788 1
0.08615577 -0.5571536 1.975578 1
0.0537962 -0.6112788 1.940167 1
0.01061525 0.1674724 2.002816 1
-0.0002700761 0.2170073 2.060289 1
-0.03442467 0.5660757 2.11779 1
-0.01961847 0.7437824 2.11271 1
-0.1710563 0.4483806 2.070241 1
-0.2369005 0.2465122 2.039346 1
-0.3000036 0.07601404 1.982025 1
-0.3180818 0.01532941 1.948792 1
0.1252001 0.4423228 2.101949 1
0.183993 0.2107352 2.075262 1
0.2467773 0.04976757 2.018194 1
0.2685777 -0.001152633 1.987612 1
-0.04516274 0.1004968 1.967995 1
-0.1185025 -0.2797005 1.959898 1
-0.1247916 -0.5245758 1.936239 1
-0.1157536 -0.549682 1.855414 1
0.08006506 0.1049272 1.996208 1
0.07372087 -0.2945011 1.977743 1
0.08660437 -0.5568743 1.975939 1
0.05417113 -0.610833 1.94029 1
0.01035534 0.1667293 2.002521 1
-0.0005830028 0.2153387 2.059657 1
-0.02956703 0.5290456 2.10652 1
-0.01976956 0.743407 2.112732 1
-0.1718043 0.4484713 2.071009 1
-0.2406217 0.2444385 2.042049 1
-0.3098496 0.0743192 1.985011 1
-0.336309 0.01590709 1.95339 1
0.1250146 0.4425398 2.102227 1
0.1848591 0.215932 2.079621 1
0.2538045 0.05756715 2.022109 1
0.2729679 -0.0004698984 1.989185 1
-0.04561832 0.09950925 1.967578 1
-0.1184949 -0.2797293 1.959909 1
-0.1248061 -0.5261675 1.938718 1
-0.1159153 -0.5512672 1.857869 1
0.07991149 0.1041268 1.995882 1
0.07378689 -0.2945449 1.977598 1
0.08619653 -0.5563061 1.975684 1
0.05472284 -0.6109771 1.940251 1
0.01003972 0.1652466 2.00188 1
-0.000812347 0.2133532 2.058885 1
-0.02939829 0.5286632 2.106505 1
-0.02096985 0.7431898 2.11236 1
-0.1723576 0.4483497 2.071565 1
-0.2415799 0.2441626 2.042916 1
-0.3186609 0.07440095 1.990212 1
-0.3399838 0.01716511 1.957211 1
0.1249127 0.4426428 2.102326 1
0.1873759 0.2194872 2.083442 1
0.2542974 0.06087379 2.023628 1
0.279001 -0.006619893 1.988484 1
-0.04627611 0.09787309 1.967147 1
-0.1184843 -0.2797548 1.959923 1
-0.1248206 -0.5260846 1.938346 1
-0.1160746 -0.5511826 1.857475 1
0.07977376 0.1026455 1.994837 1
0.07373599 -0.2946179 1.977563 1
0.0863263 -0.5564939 1.976315 1
0.05479052 -0.610619 1.940098 1
0.009723311 0.1642046 2.001087 1
-0.0009177895 0.2134352 2.058769 1
-0.03332313 0.5619494 2.115927 1
-0.02180675 0.7432271 2.112488 1
-0.1732434 0.4487658 2.072562 1
-0.2425931 0.2438701 2.043731 1
-0.32411 0.07292206 1.994519 1
-0.3500367 0.01743028 1.968131 1
0.1245711 0.4424384 2.102382 1
0.1884664 0.2195645 2.084767 1
0.2547929 0.06096618 2.023885 1
0.2814629 -0.006173097 1.989442 1
-0.04693602 0.09676567 1.966466 1
-0.1185581 -0.280723 1.959875 1
-0.1248229 -0.525937 1.938285 1
-0.1162772 -0.5510569 1.857373 1
0.07976779 0.101685 1.993848 1
0.07399792 -0.2946225 1.977271 1
0.0857894 -0.5550079 1.974516 1
0.05512683 -0.6113261 1.940949 1
0.009611598 0.1633506 2.000935 1
-0.0009514079 0.2133583 2.05885 1
-0.03359785 0.5638366 2.117189 1
-0.02185059 0.7432473 2.112485 1
-0.173514 0.4488286 2.073025 1
-0.2444462 0.2432505 2.045468 1
-0.3279339 0.07057869 1.996842 1
-0.3521089 0.01584132 1.97124 1
0.1243038 0.4426893 2.102594 1
0.1891395 0.2203827 2.086037 1
0.2557719 0.0620337 2.024562 1
0.2794466 0.001463126 1.991835 1
-0.04717558 0.09592784 1.966125 1
-0.1185668 -0.2807163 1.95988 1
-0.1248511 -0.5254987 1.937647 1
-0.1163798 -0.5506153 1.856706 1
0.07981487 0.1007767 1.993827 1
0.0740786 -0.2946839 1.97712 1
0.08594014 -0.5551575 1.974806 1
0.05511247 -0.6110575 1.940661 1
0.009483012 0.1619512 2.000549 1
-0.001046807 0.2131137 2.058869 1
-0.03380271 0.5647367 2.117965 1
-0.0223732 0.7431231 2.112247 1
-0.1737127 0.4487905 2.073354 1
-0.2459697 0.2426715 2.046943 1
-0.3301371 0.07007737 1.999505 1
-0.3544655 0.01516051 1.976276 1
0.1237685 0.4429488 2.102698 1
0.1894031 0.2206794 2.086254 1
0.2565614 0.06264074 2.024294 1
0.2794768 0.001519341 1.991746 1
-0.04737545 0.09471181 1.965823 1
-0.11848 -0.2807495 1.959909 1
-0.1247467 -0.5267073 1.939418 1
-0.1163447 -0.551822 1.858452 1
0.07979765 0.0997173 1.993438 1
0.07409018 -0.2947866 1.977065 1
0.08603958 -0.5555654 1.975411 1
0.05518618 -0.6107854 1.940171 1
0.009488908 0.1611486 2.000306 1
-0.001024978 0.2130017 2.0589 1
-0.03393705 0.5654706 2.118253 1
-0.0232688 0.7423983 2.11158 1
-0.1741819 0.4489898 2.074015 1
-0.2489915 0.2399093 2.049155 1
-0.332036 0.06809139 2.001498 1
-0.3563058 0.01340359 1.978156 1
0.1235737 0.44292 2.102675 1
0.1892822 0.2208361 2.086408 1
0.256709 0.06301342 2.023901 1
0.2819299 -0.00475359 1.989465 1
-0.04746307 0.09386122 1.965588 1
-0.1184237 -0.2806221 1.959925 1
-0.1247311 -0.5265242 1.93932 1
-0.1164872 -0.5516444 1.85832 1
0.07995399 0.09889557 1.993183 1
0.07432284 -0.295471 1.976875 1
0.08622497 -0.5560261 1.975982 1
0.05382058 -0.6095757 1.939544 1
0.009710167 0.1600965 1.999989 1
-0.0009636683 0.2127244 2.058859 1
-0.03373095 0.5658395 2.118431 1
-0.0234079 0.7425959 2.111545 1
-0.1743128 0.448935 2.074198 1
-0.2493084 0.2395707 2.04963 1
-0.3317803 0.06781083 2.002528 1
-0.3560078 0.01315738 1.979258 1
0.123366 0.4427232 2.102662 1
0.1892599 0.2208271 2.086435 1
0.2548152 0.06235169 2.023286 1
0.2810313 -0.005233563 1.989195 1
-0.04742869 0.09282187 1.965236 1
-0.1184078 -0.2805994 1.959978 1
-0.1248315 -0.5264255 1.939161 1
-0.1166212 -0.5515506 1.85814 1
0.08033231 0.09785728 1.992925 1
0.07432469 -0.2954874 1.97688 1
0.0861971 -0.5559258 1.976006 1
0.05419698 -0.6096044 1.93937 1
0.009704283 0.1585619 1.999817 1
-0.001100019 0.212104 2.058862 1
-0.03395996 0.5661476 2.118615 1
-0.02365701 0.7423927 2.111455 1
-0.1743198 0.4489151 2.074301 1
-0.2492579 0.2395032 2.050135 1
-0.3304575 0.06792057 2.003931 1
-0.3545132 0.01223816 1.981067 1
0.1232293 0.4428049 2.102685 1
0.1887743 0.2205978 2.086257 1
0.2512294 0.06096879 2.022595 1
0.2783924 -0.00631544 1.988605 1
-0.04741708 0.09148161 1.964832 1
-0.1183928 -0.2805979 1.960021 1
-0.1250133 -0.5256327 1.938076 1
-0.1168276 -0.5507672 1.857036 1
0.08045024 0.09606278 1.993111 1
0.07472826 -0.2950973 1.976736 1
0.08694154 -0.5591806 1.978004 1
0.053846 -0.6093134 1.937492 1
0.00977292 0.1567997 1.999454 1
-0.001117915 0.2112097 2.058772 1
-0.03401524 0.5664686 2.118965 1
-0.02399 0.7421609 2.111367 1
-0.1745138 0.4491276 2.074662 1
-0.2492788 0.2391605 2.050634 1
-0.3281907 0.06756076 2.005376 1
-0.3514466 0.009616331 1.982721 1
0.1228311 0.4427433 2.102529 1
0.1884147 0.2200403 2.085957 1
0.2503225 0.06026942 2.02185 1
0.2763763 -0.007449187 1.987793 1
-0.047469 0.08986963 1.964581 1
-0.1183538 -0.2806798 1.960105 1
-0.1250172 -0.5256388 1.938107 1
-0.1169311 -0.5507797 1.857035 1
0.08063127 0.09455588 1.9927 1
0.07482516 -0.2950183 1.976722 1
0.08588449 -0.5575129 1.975831 1
0.0543329 -0.6107006 1.938039 1
0.01008636 0.1559083 1.998905 1
-0.0009941743 0.2106871 2.05852 1
-0.03405298 0.5668222 2.119334 1
-0.0243321 0.7421089 2.111326 1
-0.1745379 0.4490972 2.074747 1
-0.2491553 0.2388803 2.050838 1
-0.3249706 0.06609223 2.006368 1
-0.3491247 0.00770331 1.983154 1
0.1226069 0.4428396 2.102551 1
0.1871271 0.2178806 2.084467 1
0.2451957 0.05686598 2.019543 1
0.2667149 -0.002496107 1.988912 1
-0.04738379 0.08907336 1.964016 1
-0.1183421 -0.2806521 1.960124 1
-0.1250787 -0.5255519 1.937999 1
-0.1170097 -0.5506904 1.856901 1
0.081272 0.09376847 1.992059 1
0.07481223 -0.2950295 1.976703 1
0.08627381 -0.5575733 1.976163 1
0.05522676 -0.6106821 1.93781 1
0.0105451 0.1537835 1.998709 1
-0.0006389688 0.2093252 2.058484 1
-0.0338947 0.5670494 2.119632 1
-0.02434486 0.7420969 2.111406 1
-0.1747101 0.4488773 2.074871 1
-0.248949 0.23871 2.050858 1
-0.3210323 0.06506328 2.006337 1
-0.3449428 0.005202458 1.982451 1
0.1220769 0.4425982 2.102066 1
0.1865833 0.2178245 2.084159 1
0.241932 0.05601946 2.018516 1
0.2619471 -0.001485969 1.989092 1
-0.04710306 0.08697772 1.963872 1
-0.1182949 -0.2806681 1.96017 1
-0.1251067 -0.5255017 1.938066 1
-0.1171801 -0.5506502 1.856939 1
0.08183472 0.09183468 1.991896 1
0.07480419 -0.2950145 1.976702 1
0.0866269 -0.5577708 1.976518 1
0.05523465 -0.6102518 1.937559 1
0.01076474 0.1523476 1.998453 1
-0.0005196391 0.2083132 2.058324 1
-0.03387051 0.5672153 2.119722 1
-0.02458622 0.7420598 2.111436 1
-0.1747352 0.448747 2.074863 1
-0.2473754 0.2390604 2.050183 1
-0.3144945 0.06649153 2.004748 1
-0.3373821 0.006252526 1.980101 1
0.121753 0.4424993 2.101983 1
0.1856515 0.2163046 2.082905 1
0.2401401 0.05440518 2.016458 1
0.2598719 -0.002002975 1.98789 1
-0.04701213 0.0856442 1.963495 1
-0.1187214 -0.2814909 1.959971 1
-0.1250957 -0.5255201 1.938074 1
-0.1171828 -0.5506759 1.856932 1
0.08218377 0.09043801 1.991896 1
0.07501636 -0.2954945 1.97652 1
0.08683275 -0.5577229 1.976674 1
0.05565518 -0.6100397 1.937299 1
0.01095299 0.1509603 1.998172 1
-0.0004501382 0.2072701 2.058156 1
-0.03396111 0.5673674 2.119857 1
-0.02454423 0.7420561 2.111419 1
-0.1747089 0.4486639 2.074911 1
-0.2457072 0.239562 2.049406 1
-0.3109121 0.06743731 2.00345 1
-0.3327646 0.007063477 1.97729 1
0.1216016 0.4425284 2.101965 1
0.1855638 0.2170275 2.083111 1
0.2385515 0.05486038 2.015787 1
0.2581697 -0.003374015 1.986971 1
-0.04689389 0.08435699 1.963299 1
-0.1187009 -0.2815675 1.960017 1
-0.1250891 -0.5256614 1.938502 1
-0.1171963 -0.5508235 1.857341 1
0.0824987 0.08927379 1.991655 1
0.07524978 -0.295968 1.976309 1
0.08692882 -0.55769 1.976583 1
0.0539645 -0.6087648 1.937006 1
0.01109327 0.1503494 1.998163 1
-0.0003241252 0.206812 2.058207 1
-0.03364698 0.5678344 2.120224 1
-0.02441243 0.7422929 2.111557 1
-0.1745848 0.4485892 2.074914 1
-0.2447982 0.239922 2.049084 1
-0.3095198 0.06789286 2.001724 1
-0.3315065 0.0066961 1.975172 1
0.1215621 0.4425576 2.101969 1
0.1851311 0.2166953 2.082569 1
0.237658 0.05443701 2.014879 1
0.2577239 -0.003462347 1.986709 1
-0.04681148 0.08382477 1.963166 1
-0.118687 -0.2815698 1.960067 1
-0.1250243 -0.5252271 1.937235 1
-0.1171342 -0.5503943 1.856056 1
0.0826299 0.08857182 1.991796 1
0.07514949 -0.2959542 1.976336 1
0.08691914 -0.557677 1.976671 1
0.05389147 -0.6085356 1.93684 1
0.01114889 0.1502621 1.998085 1
-0.00028338 0.2066955 2.058163 1
-0.03361652 0.5679137 2.120277 1
-0.02433576 0.7424145 2.111413 1
-0.1745672 0.4485881 2.074932 1
-0.2440365 0.2398445 2.048348 1
-0.3093961 0.06605501 1.997326 1
-0.3320424 0.006156806 1.971797 1
0.121532 0.4427062 2.102038 1
0.1851337 0.2167629 2.082608 1
0.2374566 0.05448106 2.014603 1
0.2573166 -0.003622877 1.986096 1
-0.04681856 0.08369426 1.963012 1
-0.1186333 -0.2814176 1.960081 1
-0.1250449 -0.525227 1.937263 1
-0.1171517 -0.5503973 1.856069 1
0.08276556 0.08848229 1.991726 1
0.07505745 -0.2958504 1.976318 1
0.08704978 -0.5588558 1.977033 1
0.05201652 -0.6074184 1.936044 1
0.01108503 0.1500275 1.998042 1
-0.000287723 0.2064855 2.058154 1
-0.03366021 0.568059 2.120296 1
-0.02430375 0.7420866 2.111204 1
-0.1746078 0.4487465 2.075048 1
-0.2439699 0.2400016 2.047932 1
-0.3095188 0.06694915 1.995733 1
-0.3322724 0.006730985 1.969244 1
0.1211997 0.4427009 2.101578 1
0.1851266 0.2167266 2.082474 1
0.2378397 0.05453867 2.014373 1
0.2575619 -0.00361301 1.985699 1
-0.04689548 0.08344782 1.962965 1
-0.1187856 -0.281942 1.960096 1
-0.125067 -0.5252428 1.937293 1
-0.1172976 -0.5504199 1.85607 1
0.08270957 0.08828234 1.991729 1
0.07509635 -0.2959489 1.976162 1
0.0869332 -0.5586532 1.976791 1
0.05196268 -0.6075689 1.936143 1
0.01084525 0.149684 1.997879 1
-0.0005649393 0.206145 2.057959 1
-0.03408911 0.5681857 2.119924 1
-0.02434374 0.7418186 2.110593 1
-0.1746057 0.4487784 2.075079 1
-0.243976 0.2400175 2.047134 1
-0.3114182 0.0674144 1.990909 1
-0.3353511 0.007687311 1.962355 1
0.1211844 0.4425107 2.101367 1
0.1855024 0.2168695 2.082293 1
0.2387308 0.05494335 2.013734 1
0.2578924 -0.003064001 1.984715 1
-0.04708244 0.08320209 1.962823 1
-0.1188001 -0.2819927 1.960121 1
-0.1251622 -0.5243976 1.936529 1
-0.1174351 -0.5495861 1.855286 1
0.08244579 0.08768851 1.991621 1
0.07522319 -0.2959322 1.976035 1
0.08691552 -0.5562677 1.974016 1
0.05204964 -0.6098737 1.939649 1
0.01088018 0.149587 1.997876 1
-0.0005731895 0.2060999 2.057957 1
-0.03423263 0.56859 2.119459 1
-0.02403332 0.7418328 2.110537 1
-0.1745003 0.4487781 2.074867 1
-0.2440358 0.2401009 2.046907 1
-0.313975 0.06934217 1.986234 1
-0.3386252 0.01174303 1.956876 1
0.1212641 0.4424824 2.101282 1
0.1853234 0.2162032 2.080564 1
0.2393236 0.05397984 2.013424 1
0.2587283 -0.002846253 1.984491 1
-0.04701642 0.08304145 1.962729 1
-0.1187815 -0.2820455 1.96011 1
-0.1254406 -0.5242079 1.936052 1
-0.1176791 -0.549411 1.8548 1
0.08252733 0.08746646 1.991742 1
0.07544199 -0.2957233 1.975681 1
0.08706523 -0.5552089 1.971789 1
0.05192139 -0.610499 1.940481 1
0.01104073 0.1493855 1.997766 1
-0.0002794962 0.2060355 2.057899 1
-0.03389622 0.5694563 2.11911 1
-0.02324044 0.7423552 2.110648 1
-0.1742969 0.448489 2.074083 1
-0.2450515 0.2407833 2.045868 1
-0.3165969 0.08398104 1.983012 1
-0.3416047 0.0289604 1.948621 1
0.1205191 0.4421678 2.099308 1
0.1864387 0.2168637 2.080302 1
0.2400433 0.05464867 2.012573 1
0.2606037 -0.0005809941 1.980334 1
-0.04683188 0.08294009 1.962674 1
-0.1187747 -0.2822267 1.960131 1
-0.1259484 -0.52363 1.935264 1
-0.1184657 -0.5488519 1.853968 1
0.08258283 0.0873379 1.991746 1
0.07599751 -0.2958927 1.975037 1
0.08819949 -0.5560769 1.971599 1
0.05073071 -0.6094672 1.939651 1
0.01122015 0.1492 1.997618 1
-4.921202E-05 0.2060515 2.057625 1
-0.0311309 0.5701653 2.116784 1
-0.02239518 0.7425243 2.110624 1
-0.1731059 0.4486405 2.072659 1
-0.244137 0.2499059 2.044561 1
-0.3328752 0.1061622 1.971152 1
-0.3531679 0.05941691 1.933575 1
0.121034 0.4420895 2.098784 1
0.1897863 0.2193898 2.078852 1
0.2733823 0.07640304 1.997024 1
0.294351 0.01498643 1.949545 1
-0.04678369 0.0828594 1.962698 1
-0.1187635 -0.2823059 1.960138 1
-0.1271186 -0.5228311 1.933885 1
-0.1193794 -0.5481085 1.852605 1
0.0826419 0.08714557 1.991686 1
0.07804897 -0.2969593 1.973659 1
0.08893386 -0.5563629 1.970992 1
0.05061492 -0.6093329 1.939307 1
0.0114867 0.149219 1.997564 1
2.58917E-05 0.2062376 2.057457 1
-0.02933196 0.571339 2.115795 1
-0.02122758 0.7434731 2.110625 1
-0.1706885 0.4495404 2.070164 1
-0.269397 0.2676277 2.049182 1
-0.3640716 0.1413641 1.951082 1
-0.4039133 0.09233311 1.901112 1
0.1233467 0.4435738 2.099138 1
0.1971706 0.2322609 2.075261 1
0.3068734 0.1204365 1.975056 1
0.338198 0.0680134 1.92253 1
-0.04663762 0.08285832 1.962642 1
-0.1182008 -0.2825151 1.959773 1
-0.1291624 -0.5222231 1.931905 1
-0.1207432 -0.5475323 1.850677 1
0.08280805 0.08706201 1.991786 1
0.08089983 -0.2972701 1.972472 1
0.08744186 -0.5520074 1.960976 1
0.05174591 -0.6125485 1.942494 1
0.01220935 0.1499058 1.997357 1
0.00109656 0.2073009 2.057091 1
-0.02591684 0.5734407 2.114064 1
-0.01931954 0.7459584 2.111203 1
-0.1696974 0.4497424 2.069073 1
-0.2864063 0.2838012 2.050092 1
-0.4107538 0.2020333 1.937262 1
-0.4277934 0.1919743 1.907239 1
0.1275873 0.4465551 2.099391 1
0.2358748 0.2734335 2.067178 1
0.3428549 0.1711996 1.953105 1
0.3727973 0.1584151 1.918575 1
-0.04647803 0.08307134 1.962731 1
-0.1171842 -0.2822071 1.958526 1
-0.1313466 -0.5210137 1.928748 1
-0.1125441 -0.5868418 1.904339 1
0.08353254 0.08748062 1.991482 1
0.08129414 -0.2980215 1.971901 1
0.08751123 -0.5534122 1.959536 1
0.0502378 -0.6127559 1.940257 1
0.01315218 0.1515797 1.997412 1
0.002879692 0.2091677 2.057073 1
-0.02258459 0.5756373 2.11329 1
-0.01679849 0.7483854 2.111827 1
-0.1698648 0.4498481 2.069422 1
-0.3114882 0.3232188 2.048364 1
-0.4470214 0.2765767 1.927907 1
-0.5052251 0.2550766 1.876241 1
0.1328889 0.4482428 2.097336 1
0.2809373 0.296914 2.046695 1
0.4348284 0.2475872 1.915652 1
0.48611 0.2653324 1.879845 1
-0.0465429 0.08352318 1.962848 1
-0.1150184 -0.2823069 1.953662 1
-0.1329386 -0.5146384 1.920448 1
-0.1253582 -0.5400342 1.83914 1
0.08491841 0.08816196 1.991327 1
0.08261234 -0.2982524 1.971543 1
0.08806215 -0.5548753 1.960409 1
0.04925849 -0.6125077 1.939037 1
0.01369273 0.1559577 1.997481 1
0.004521414 0.2128753 2.056896 1
-0.02042215 0.5770863 2.111983 1
-0.0162709 0.749347 2.111492 1
-0.1708603 0.4510645 2.071699 1
-0.3286131 0.3652027 2.047733 1
-0.4777095 0.3561321 1.929993 1
-0.5261934 0.3592631 1.895431 1
0.1431471 0.4531611 2.096363 1
0.3186384 0.3436756 2.039484 1
0.4685302 0.3277135 1.928307 1
0.5178557 0.3356084 1.895189 1
-0.04800409 0.08559811 1.963376 1
-0.112776 -0.2846029 1.944791 1
-0.1357185 -0.5153236 1.912294 1
-0.1294482 -0.5407427 1.830884 1
0.08683923 0.0902767 1.990518 1
0.08429775 -0.2961521 1.970876 1
0.08837352 -0.5544609 1.960567 1
0.04988867 -0.6122045 1.938927 1
0.01452583 0.1608961 1.997909 1
0.00698688 0.2174154 2.057183 1
-0.01593797 0.5796531 2.111272 1
-0.01523145 0.7506882 2.111881 1
-0.1715291 0.4562593 2.075755 1
-0.3539718 0.4120379 2.040926 1
-0.5086778 0.4411596 1.930562 1
-0.572534 0.4633412 1.889389 1
0.1539633 0.4620786 2.094571 1
0.3478861 0.3967927 2.039104 1
0.5038559 0.4275053 1.94347 1
0.5537739 0.4501418 1.911065 1
-0.04949951 0.08812799 1.964535 1
-0.1107045 -0.2836584 1.928813 1
-0.1381012 -0.5286548 1.900737 1
-0.1336603 -0.5541084 1.819212 1
0.0890982 0.0935221 1.989299 1
0.08736107 -0.2928874 1.970539 1
0.08888479 -0.5546119 1.961667 1
0.05138305 -0.6122469 1.938086 1
0.01603981 0.1660638 1.998701 1
0.009873483 0.2222159 2.057606 1
-0.009988387 0.5818411 2.109243 1
-0.01243479 0.7526821 2.111729 1
-0.1696692 0.4601456 2.077836 1
-0.3710134 0.462584 2.040992 1
-0.5198187 0.5186777 1.945454 1
-0.5789451 0.551931 1.908955 1
0.1620788 0.4693699 2.092219 1
0.3834215 0.4519249 2.034248 1
0.5350024 0.5198295 1.953867 1
0.5724753 0.5484343 1.927059 1
-0.05001568 0.09171575 1.967258 1
-0.1097396 -0.2763239 1.904793 1
-0.1411301 -0.5301863 1.887275 1
-0.1380069 -0.5557179 1.805686 1
0.09134197 0.09784538 1.987957 1
0.09154756 -0.2867951 1.970655 1
0.08908355 -0.5565712 1.962876 1
0.0513141 -0.6127442 1.936313 1
0.01682853 0.170386 1.999442 1
0.01203441 0.2260924 2.057845 1
-0.004562347 0.5825497 2.105676 1
-0.008781341 0.753337 2.109849 1
-0.1680513 0.4624231 2.079858 1
-0.367868 0.4867714 2.050156 1
-0.5102845 0.581072 1.964499 1
-0.5755716 0.625613 1.926323 1
0.170198 0.4738277 2.088858 1
0.3931318 0.4949543 2.039616 1
0.5405945 0.5946895 1.968254 1
0.5870732 0.6355104 1.937598 1
-0.05165207 0.09579779 1.970884 1
-0.124735 -0.2520795 1.865227 1
-0.1454252 -0.5322675 1.873835 1
-0.1436944 -0.5579213 1.792215 1
0.0928438 0.1003755 1.986826 1
0.09623784 -0.2713778 1.972441 1
0.09160434 -0.5562085 1.964182 1
0.0536501 -0.6118494 1.936716 1
0.01824339 0.1739025 2.001399 1
0.01502771 0.228955 2.058897 1
0.007105756 0.5769379 2.098961 1
-0.00579519 0.7520244 2.107169 1
-0.1665274 0.4644712 2.082444 1
-0.3620802 0.5218678 2.064078 1
-0.5097546 0.6542301 1.970675 1
-0.5448865 0.6978799 1.947191 1
0.1817974 0.4775536 2.084149 1
0.4016249 0.5245417 2.044735 1
0.5463261 0.6606346 1.982102 1
0.5872144 0.710979 1.959023 1
-0.05288426 0.09879075 1.976153 1
-0.1327304 -0.2291538 1.836804 1
-0.1548562 -0.5209747 1.849566 1
-0.1548327 -0.5468636 1.767972 1
0.09422087 0.1013193 1.986849 1
0.09844716 -0.2623959 1.974627 1
0.09177092 -0.5554547 1.969697 1
0.06595615 -0.6156607 1.938024 1
0.0188119 0.1750258 2.002634 1
0.01706172 0.2298618 2.059498 1
0.01115552 0.5723107 2.094815 1
-0.001285641 0.7467287 2.103439 1
-0.1645314 0.4669529 2.086715 1
-0.3560943 0.5419101 2.072669 1
-0.478994 0.7006041 1.993484 1
-0.5106598 0.7443242 1.968143 1
0.188488 0.477414 2.078125 1
0.4137896 0.5680584 2.044553 1
0.5430483 0.7104825 1.993518 1
0.5684971 0.7628807 1.980747 1
-0.05399547 0.0991607 1.980703 1
-0.1418404 -0.2159982 1.815665 1
-0.1585026 -0.5145507 1.838355 1
-0.1605325 -0.5406179 1.75682 1
0.09506997 0.1015697 1.986919 1
0.1009436 -0.2556519 1.976715 1
0.09107061 -0.555312 1.974124 1
0.08028241 -0.6203299 1.943248 1
0.01961721 0.1785847 2.005134 1
0.01949551 0.2319881 2.06079 1
0.01593564 0.567966 2.092599 1
0.003162884 0.7416592 2.100132 1
-0.1632209 0.4700595 2.094339 1
-0.3535793 0.5991697 2.083932 1
-0.4582834 0.7303008 2.007356 1
-0.4801559 0.7739378 1.984603 1
0.1981888 0.4778329 2.076484 1
0.4132181 0.5911701 2.045397 1
0.5237954 0.731091 2.010844 1
0.5481951 0.7787172 2.001467 1
-0.0563233 0.1017643 1.986708 1
-0.1475765 -0.1959595 1.795078 1
-0.1597598 -0.4948775 1.833243 1
-0.1635348 -0.5210799 1.751796 1
0.09620753 0.1021347 1.986791 1
0.1025474 -0.2520053 1.977712 1
0.09198917 -0.5548385 1.97486 1
0.08821412 -0.5810409 1.893413 1
0.02114902 0.1804847 2.005661 1
0.02168332 0.2335712 2.061069 1
0.01909484 0.566308 2.09132 1
0.008034965 0.7383405 2.096112 1
-0.157994 0.4749087 2.095394 1
-0.3240734 0.5979959 2.096186 1
-0.3959169 0.7605202 2.056776 1
-0.4145243 0.8150392 2.041664 1
0.2018646 0.4815537 2.077456 1
0.3963565 0.6087867 2.045721 1
0.4829084 0.7661883 2.026416 1
0.513863 0.8170592 2.025476 1
-0.05571146 0.1032614 1.987371 1
-0.1487383 -0.1895556 1.787403 1
-0.1640749 -0.4880334 1.828384 1
-0.1678238 -0.5142764 1.746927 1
0.09825899 0.1033233 1.986614 1
0.1028982 -0.2502599 1.977489 1
0.09235323 -0.5544794 1.975579 1
0.08860432 -0.5807224 1.894122 1
0.02353895 0.185421 2.005126 1
0.02428959 0.2378277 2.060213 1
0.02094092 0.5671031 2.089608 1
0.009711869 0.7390893 2.095545 1
-0.1553402 0.479501 2.093035 1
-0.3205529 0.6208646 2.090011 1
-0.4010153 0.7802339 2.056421 1
-0.4168032 0.8366472 2.046069 1
0.2053659 0.490591 2.078172 1
0.3929556 0.6166447 2.044568 1
0.4808275 0.7734046 2.026378 1
0.5076809 0.8264257 2.023824 1
-0.05413471 0.1073085 1.987116 1
-0.1485447 -0.1889737 1.786596 1
-0.1705552 -0.4885355 1.821782 1
-0.1738823 -0.5147851 1.740288 1
0.1013149 0.1075716 1.985401 1
0.103058 -0.2493976 1.977948 1
0.09240045 -0.5544737 1.976395 1
0.08907339 -0.5807232 1.894901 1
0.02499138 0.1917673 2.002757 1
0.02536103 0.2436035 2.057711 1
0.02169947 0.5699486 2.086766 1
0.01105878 0.7414021 2.094319 1
-0.1535836 0.4898779 2.088218 1
-0.3181589 0.630805 2.082617 1
-0.3953733 0.7928238 2.058896 1
-0.4111518 0.8496858 2.051322 1
0.206017 0.4987563 2.077929 1
0.3867831 0.6358157 2.044253 1
0.4827251 0.7877439 2.024437 1
0.5121964 0.8393826 2.022321 1
-0.05246412 0.1143143 1.98388 1
-0.1463417 -0.1919174 1.787756 1
-0.1794328 -0.4924371 1.81373 1
-0.1816825 -0.5186598 1.73217 1
0.103102 0.113058 1.983368 1
0.1028584 -0.249355 1.97847 1
0.08580239 -0.5528367 1.993335 1
0.09136172 -0.6135423 1.953454 1
0.0251122 0.1970787 2.000014 1
0.02477899 0.2497104 2.054567 1
0.02251167 0.5769305 2.079879 1
0.01427406 0.7469237 2.092314 1
-0.1514639 0.5027664 2.079625 1
-0.3148136 0.6477588 2.071929 1
-0.3965625 0.8079592 2.056404 1
-0.4122379 0.8650979 2.051007 1
0.2062234 0.5085353 2.076905 1
0.379525 0.6494932 2.041525 1
0.4821461 0.7970142 2.0213 1
0.5152782 0.8463864 2.019222 1
-0.05224075 0.1200979 1.980167 1
-0.1376176 -0.2119793 1.797385 1
-0.1827419 -0.497074 1.813005 1
-0.1832082 -0.5234474 1.731591 1
0.1031607 0.1176823 1.982071 1
0.102249 -0.2492559 1.978729 1
0.08660741 -0.5534931 1.989799 1
0.08730365 -0.6152474 1.95136 1
0.02516246 0.2028297 1.996088 1
0.02406307 0.2563278 2.050097 1
0.0231522 0.5844299 2.071398 1
0.01901945 0.753845 2.088736 1
-0.1516853 0.5117239 2.064203 1
-0.3118802 0.6814111 2.023412 1
-0.4103219 0.8316839 2.00033 1
-0.4280557 0.8881861 1.994634 1
0.2023669 0.5230238 2.070855 1
0.3698966 0.6932284 2.018902 1
0.4853068 0.830072 1.988123 1
0.5200664 0.8770073 1.976797 1
-0.05245183 0.1259622 1.97591 1
-0.1240211 -0.2343623 1.837789 1
-0.1805395 -0.4964083 1.815806 1
-0.166332 -0.5655618 1.833349 1
0.1034154 0.1239741 1.979665 1
0.1000307 -0.2507095 1.977843 1
0.09517521 -0.5501888 1.958179 1
0.0964601 -0.5767949 1.876847 1
0.02118233 0.2063981 1.993286 1
0.02015652 0.2599842 2.046924 1
0.02246964 0.5870222 2.065019 1
0.01950219 0.7553779 2.084865 1
-0.1536416 0.5147985 2.056061 1
-0.3125744 0.6761782 2.005005 1
-0.4100344 0.8256339 1.968785 1
-0.4257571 0.8823432 1.960065 1
0.1998134 0.5269308 2.068298 1
0.3614451 0.686581 2.011106 1
0.4813481 0.8197029 1.981174 1
0.5184506 0.8656247 1.973841 1
-0.0573338 0.1303518 1.974216 1
-0.1247844 -0.2349789 1.841865 1
-0.1699991 -0.5043679 1.824812 1
-0.167527 -0.5311508 1.743564 1
0.09861669 0.1274005 1.977153 1
0.09628373 -0.2541068 1.975305 1
0.09555907 -0.5499027 1.956153 1
0.09803115 -0.5766855 1.874906 1
0.01136578 0.2099219 1.990784 1
0.01149305 0.2635673 2.043762 1
0.02140381 0.5890131 2.058463 1
0.02114207 0.7569368 2.079624 1
-0.1572801 0.5161475 2.045116 1
-0.3269789 0.6678526 1.963758 1
-0.4214623 0.8123744 1.900458 1
-0.4416791 0.8672272 1.889425 1
0.1986559 0.5274836 2.065707 1
0.3509435 0.6631674 1.989668 1
0.4768968 0.7851012 1.936322 1
0.5204637 0.8215585 1.918656 1
-0.07259797 0.1344605 1.973086 1
-0.1253152 -0.2411135 1.853388 1
-0.1665766 -0.5148447 1.832987 1
-0.1622691 -0.5418642 1.751887 1
0.08820202 0.1299957 1.975556 1
0.09300353 -0.2568935 1.972251 1
0.0937113 -0.5469652 1.947854 1
0.0702903 -0.6119653 1.925063 1
0.003196799 0.2016006 1.989457 1
0.004015913 0.2578781 2.041629 1
0.0173482 0.5883775 2.052497 1
0.02232646 0.7577758 2.074331 1
-0.1639312 0.5130771 2.031971 1
-0.3406945 0.6430279 1.92907 1
-0.4307441 0.7777571 1.838279 1
-0.4573861 0.818381 1.80395 1
0.1882395 0.5167331 2.051143 1
0.3535314 0.632002 1.964806 1
0.49274 0.732179 1.897621 1
0.4973053 0.7384858 1.893884 1
-0.07836627 0.1274771 1.972044 1
-0.1277497 -0.2533019 1.86352 1
-0.1668753 -0.5159968 1.834989 1
-0.1624824 -0.5433974 1.754028 1
0.07751829 0.1196617 1.977405 1
0.08770505 -0.2670332 1.965796 1
0.09387836 -0.5466466 1.94768 1
0.06687599 -0.6079081 1.919218 1
-0.00216228 0.1967699 1.98975 1
-0.00148117 0.2546668 2.041152 1
0.01422672 0.5885047 2.047966 1
0.02110226 0.7586437 2.063725 1
-0.1688772 0.5076136 2.015095 1
-0.3543109 0.5945608 1.889565 1
-0.4457672 0.6961182 1.759962 1
-0.4769281 0.7210662 1.715953 1
0.180609 0.5069225 2.036903 1
0.3815415 0.5904344 1.92965 1
0.5210198 0.6839467 1.852155 1
0.5551245 0.7135813 1.836463 1
-0.08301798 0.1230666 1.971833 1
-0.1317146 -0.2541655 1.868467 1
-0.1687335 -0.5196673 1.84119 1
-0.1635665 -0.5474475 1.760411 1
0.07102792 0.1144159 1.980784 1
0.08693508 -0.2688304 1.961079 1
0.09234212 -0.5464065 1.945069 1
0.06397334 -0.6068463 1.916198 1
-0.007338856 0.1907991 1.991625 1
-0.006725063 0.2504826 2.041738 1
0.01139117 0.5860694 2.041514 1
0.01910482 0.7546693 2.052004 1
-0.1713869 0.4992305 2.000533 1
-0.3624429 0.5299914 1.848051 1
-0.4521017 0.6037984 1.697995 1
-0.480862 0.638086 1.65891 1
0.1723761 0.4924303 2.02477 1
0.3859572 0.5214596 1.909987 1
0.5443349 0.5992646 1.81513 1
0.6098976 0.6466055 1.79318 1
-0.08752131 0.11762 1.973254 1
-0.1377029 -0.2546699 1.872593 1
-0.1724112 -0.5196135 1.848324 1
-0.1664418 -0.5480241 1.767812 1
0.06416577 0.1084779 1.987212 1
0.0922651 -0.2675052 1.942031 1
0.08956088 -0.5443341 1.936325 1
0.06485679 -0.6107324 1.919792 1
-0.01568492 0.1769109 1.995903 1
-0.0154796 0.2395841 2.04335 1
0.006388859 0.5761001 2.028666 1
0.01536006 0.7464002 2.039091 1
-0.1736868 0.4809299 1.980549 1
-0.3285258 0.4410811 1.867994 1
-0.4458075 0.4573751 1.67406 1
-0.4887832 0.4931639 1.623769 1
0.1654659 0.4664433 2.010915 1
0.3617708 0.4344546 1.900115 1
0.5189353 0.4366798 1.799765 1
0.5907623 0.4631348 1.775004 1
-0.09610366 0.1035238 1.979079 1
-0.1597869 -0.2493707 1.877345 1
-0.1764985 -0.5216295 1.852633 1
-0.169018 -0.5514276 1.772736 1
0.05509602 0.09551886 1.996471 1
0.1023892 -0.2587219 1.925455 1
0.08982383 -0.5381228 1.924503 1
0.09730439 -0.567921 1.844605 1
-0.02463057 0.1567787 1.999856 1
-0.02561484 0.222012 2.041846 1
-0.002320246 0.5565724 2.01035 1
0.01167285 0.7355236 2.026772 1
-0.1683703 0.457117 1.960434 1
-0.3122861 0.3665848 1.847915 1
-0.404106 0.2880595 1.701938 1
-0.4420255 0.2987952 1.624729 1
0.1578994 0.447638 1.99939 1
0.3557618 0.3434476 1.87812 1
0.5070525 0.2860391 1.786498 1
0.5599247 0.2954519 1.760939 1
-0.1017702 0.08856692 1.982984 1
-0.1746961 -0.2356258 1.875689 1
-0.1886607 -0.5155549 1.852353 1
-0.1792588 -0.5473249 1.773389 1
0.04416148 0.0776336 2.007431 1
0.1091284 -0.2527154 1.915505 1
0.09087632 -0.5324244 1.916588 1
0.1002782 -0.5641944 1.837624 1
-0.03142675 0.114628 2.00222 1
-0.03198774 0.183515 2.036953 1
-0.003937619 0.5272854 1.995267 1
0.004830004 0.7059257 2.008033 1
-0.1583527 0.4030986 1.932988 1
-0.3010439 0.2675307 1.832761 1
-0.3732214 0.1453054 1.709397 1
-0.4006729 0.1068639 1.673272 1
0.1432492 0.404661 1.974098 1
0.3168505 0.2678221 1.875145 1
0.4740431 0.1655757 1.789647 1
0.5455248 0.1882886 1.765647 1
-0.1061042 0.05086711 1.987254 1
-0.181174 -0.2341886 1.872209 1
-0.1987847 -0.5049062 1.84455 1
-0.188331 -0.5384108 1.766445 1
0.03535128 0.0458672 2.014824 1
0.1124995 -0.2451636 1.909792 1
0.1023719 -0.5105196 1.890986 1
0.1128256 -0.5440242 1.812881 1
-0.03179976 0.09419138 2.000183 1
-0.03176011 0.162327 2.029336 1
-0.006888482 0.4937398 1.97819 1
0.0009005858 0.6786855 1.994745 1
-0.1710985 0.365266 1.924672 1
-0.2729804 0.1848769 1.837016 1
-0.3301186 0.0311251 1.749794 1
-0.3492431 -0.01865502 1.723404 1
0.1402569 0.3770937 1.962231 1
0.2818668 0.1882204 1.876457 1
0.4097839 0.05618041 1.802781 1
0.486885 0.0477601 1.781222 1
-0.1078155 0.02170348 1.987463 1
-0.1973023 -0.2546487 1.861374 1
-0.2039486 -0.5037501 1.840331 1
-0.1946181 -0.5386816 1.762668 1
0.03558221 0.02085997 2.014582 1
0.1193414 -0.2614144 1.899162 1
0.1059185 -0.5003796 1.877267 1
0.115249 -0.5353111 1.799604 1
-0.03691148 0.04963622 1.987737 1
-0.03522242 0.1196159 2.013146 1
-0.010188 0.4656595 1.967054 1
-0.005101923 0.6464266 1.984177 1
-0.177435 0.3291168 1.923676 1
-0.2471644 0.09724058 1.868167 1
-0.29515 -0.0576596 1.77673 1
-0.3118739 -0.110715 1.755624 1
0.1426328 0.3251632 1.951697 1
0.2299209 0.1143803 1.892637 1
0.3117667 -0.03668628 1.825169 1
0.3723177 -0.08749865 1.809951 1
-0.1150813 -0.01937767 1.979407 1
-0.2060947 -0.2911139 1.844301 1
-0.2147662 -0.5176857 1.826719 1
-0.1819438 -0.5826558 1.824634 1
0.03228581 -0.02648045 1.999855 1
0.1337246 -0.3011498 1.880434 1
0.115606 -0.5272267 1.859894 1
0.09247145 -0.5864698 1.895359 1
-0.03397905 0.02815506 1.978394 1
-0.03331924 0.09757024 2.000968 1
-0.01589791 0.4388614 1.958277 1
-0.008514831 0.6159821 1.974594 1
-0.1777268 0.3115044 1.923774 1
-0.2235741 0.07247165 1.880748 1
-0.2622458 -0.1222496 1.82947 1
-0.3039635 -0.1660355 1.791548 1
0.1351344 0.3123302 1.950703 1
0.1819084 0.07389148 1.903049 1
0.2484999 -0.09375649 1.846409 1
0.2814766 -0.1451166 1.829437 1
-0.1081152 -0.04123701 1.970226 1
-0.2308574 -0.2963313 1.827817 1
-0.234302 -0.5229956 1.803829 1
-0.1832242 -0.5702895 1.825196 1
0.03381987 -0.04168607 1.990416 1
0.1341944 -0.3173403 1.873183 1
0.1212858 -0.5436141 1.853908 1
0.09229062 -0.6041192 1.882203 1
-0.03431175 0.008839943 1.966991 1
-0.03394381 0.07644508 1.987412 1
-0.01945369 0.4120327 1.951842 1
-0.01396471 0.5978452 1.969072 1
-0.1767571 0.2955289 1.923565 1
-0.2246942 0.05646883 1.882218 1
-0.2396569 -0.1736709 1.832466 1
-0.3109991 -0.1796671 1.795591 1
0.1281154 0.2975873 1.949587 1
0.1677329 0.05685906 1.910453 1
0.2057398 -0.1438318 1.871625 1
0.2635392 -0.1872077 1.836084 1
-0.1059439 -0.05824921 1.960308 1
-0.2447692 -0.3051709 1.818074 1
-0.2499088 -0.5315865 1.788052 1
-0.1930253 -0.561689 1.82216 1
0.03192018 -0.06016288 1.97489 1
0.1451551 -0.3337341 1.865287 1
0.1296828 -0.5597044 1.846304 1
0.08316373 -0.5990304 1.886239 1
-0.03572921 -0.001942927 1.963578 1
-0.03455815 0.06618922 1.982004 1
-0.01934567 0.4055549 1.95097 1
-0.01740831 0.5840186 1.966412 1
-0.179505 0.2810044 1.92471 1
-0.2403326 0.04447973 1.892567 1
-0.3085045 -0.1180632 1.834089 1
-0.3528773 -0.141784 1.802322 1
0.1228529 0.2744111 1.94641 1
0.1700814 0.03501034 1.909494 1
0.2061488 -0.1415218 1.87111 1
0.2639049 -0.1857279 1.836595 1
-0.1079078 -0.06867142 1.956724 1
-0.2423431 -0.315162 1.809741 1
-0.2551524 -0.5411503 1.780436 1
-0.1959222 -0.556869 1.819766 1
0.03067775 -0.07212253 1.970573 1
0.1478618 -0.3396954 1.850351 1
0.1300521 -0.5648828 1.841749 1
0.1357269 -0.5986894 1.763242 1
-0.03930872 -0.004460445 1.964106 1
-0.03742643 0.06365339 1.980327 1
-0.0205162 0.4032775 1.951934 1
-0.01856222 0.5816417 1.967534 1
-0.1807524 0.2799243 1.92625 1
-0.2955573 0.07130739 1.886825 1
-0.3820764 -0.07545292 1.814839 1
-0.410916 -0.124373 1.794914 1
0.1224549 0.2737739 1.946676 1
0.1907995 0.04038229 1.905953 1
0.2809305 -0.1086458 1.846158 1
0.315865 -0.1380092 1.829971 1
-0.1125728 -0.07092315 1.957145 1
-0.2347797 -0.3201917 1.804298 1
-0.2488554 -0.5459382 1.783838 1
-0.1890138 -0.5552937 1.824046 1
0.0268689 -0.07562304 1.971044 1
0.1420465 -0.3392837 1.840237 1
0.1291891 -0.5642072 1.83666 1
0.13453 -0.5979275 1.758241 1
-0.04120439 -0.0004201103 1.964574 1
-0.0390934 0.06745882 1.980267 1
-0.02251965 0.4097108 1.959712 1
-0.02022633 0.5875971 1.974596 1
-0.186338 0.2847285 1.932104 1
-0.3381229 0.1268649 1.882413 1
-0.466538 0.0127679 1.81452 1
-0.509343 -0.02526442 1.795959 1
0.1225009 0.2797205 1.950593 1
0.2401591 0.09024346 1.897486 1
0.3405228 -0.05033253 1.832601 1
0.4123486 -0.08146162 1.81397 1
-0.1158643 -0.06764008 1.956627 1
-0.2334586 -0.3189812 1.803968 1
-0.2474287 -0.5448382 1.783803 1
-0.1864882 -0.554123 1.822398 1
0.02640557 -0.07309384 1.970903 1
0.1389287 -0.3349888 1.83429 1
0.1320069 -0.5600785 1.83285 1
0.07941768 -0.5940195 1.869889 1
-0.04553961 0.02831218 1.964605 1
-0.04365315 0.09497475 1.985126 1
-0.03032652 0.4416303 1.983651 1
-0.02761414 0.6090071 1.991151 1
-0.2016049 0.3199951 1.952355 1
-0.3673639 0.2136408 1.885618 1
-0.5128179 0.12373 1.815377 1
-0.560052 0.09202085 1.798133 1
0.1242981 0.3062391 1.965015 1
0.282919 0.156699 1.894053 1
0.4360282 0.04380499 1.830233 1
0.5094722 0.03072257 1.816776 1
-0.1231283 -0.04488905 1.95259 1
-0.2268358 -0.3066294 1.808586 1
-0.2422391 -0.5321778 1.78945 1
-0.1899844 -0.5739819 1.81762 1
0.02670986 -0.04827363 1.967544 1
0.1270994 -0.318537 1.839091 1
0.1246364 -0.5440333 1.831801 1
0.0841277 -0.5994758 1.855398 1
-0.0469352 0.06851321 1.96334 1
-0.04589056 0.1331694 1.989647 1
-0.0339829 0.4726244 1.998207 1
-0.03522794 0.649072 2.010276 1
-0.2140529 0.3625241 1.968134 1
-0.3940032 0.2974646 1.89333 1
-0.5516219 0.2343349 1.819618 1
-0.6041615 0.2132916 1.799116 1
0.1229088 0.3552755 1.983609 1
0.3119702 0.235597 1.899236 1
0.4907104 0.1481248 1.835404 1
0.5490258 0.1379002 1.830824 1
-0.1264853 -0.005797746 1.948091 1
-0.2178893 -0.2901059 1.81907 1
-0.2254952 -0.5153025 1.811878 1
-0.2214696 -0.5447911 1.731817 1
0.02796884 -0.008498693 1.960917 1
0.1172615 -0.3013184 1.846668 1
0.1149485 -0.5269492 1.834452 1
0.1189741 -0.5564378 1.754392 1
-0.04914441 0.09943242 1.960434 1
-0.04834709 0.1639701 1.991729 1
-0.04046545 0.5157963 2.017022 1
-0.03751057 0.6857431 2.027108 1
-0.2184278 0.4069711 1.984936 1
-0.4254015 0.4018915 1.900992 1
-0.5830163 0.3387633 1.827278 1
-0.6355546 0.3177206 1.806777 1
0.1192694 0.3935929 1.993568 1
0.3096545 0.3300245 1.92043 1
0.4893879 0.2765993 1.860654 1
0.547218 0.2748542 1.846144 1
-0.1271126 0.02587575 1.942816 1
-0.2100513 -0.278208 1.836232 1
-0.2198668 -0.509349 1.83089 1
-0.2170484 -0.537397 1.750276 1
0.02507439 0.02463421 1.953656 1
0.1073023 -0.2942989 1.85616 1
0.1107048 -0.5199803 1.838942 1
0.1135232 -0.5480282 1.758329 1
-0.05257117 0.1456932 1.95801 1
-0.05191809 0.2078404 1.994211 1
-0.04443089 0.550269 2.028591 1
-0.0436953 0.7290363 2.042181 1
-0.2270953 0.4564097 2.003134 1
-0.4381239 0.4683276 1.919463 1
-0.598951 0.4967929 1.830136 1
-0.65256 0.5062813 1.804429 1
0.1197549 0.4368805 2.007832 1
0.341765 0.4222954 1.93969 1
0.517348 0.4104844 1.886811 1
0.5738224 0.4220349 1.872768 1
-0.1311119 0.06849059 1.937985 1
-0.1955305 -0.2705111 1.863458 1
-0.2122494 -0.5204677 1.854059 1
-0.2099458 -0.5475391 1.773114 1
0.02333199 0.06608611 1.947021 1
0.09423246 -0.2844304 1.874211 1
0.09469102 -0.5144864 1.866367 1
0.09699469 -0.5415578 1.785422 1
-0.05338442 0.1779191 1.957103 1
-0.05266757 0.2384539 1.996145 1
-0.04903123 0.5812272 2.035919 1
-0.05074144 0.7541569 2.048558 1
-0.2383663 0.4997828 2.018433 1
-0.4292338 0.5746896 1.947885 1
-0.617242 0.6584393 1.803995 1
-0.6799114 0.6863558 1.760103 1
0.1195478 0.4816638 2.014534 1
0.3190651 0.501177 1.970572 1
0.493447 0.5303968 1.921588 1
0.5674996 0.5520218 1.899315 1
-0.1323931 0.0983515 1.935552 1
-0.1802656 -0.2646728 1.885674 1
-0.2029193 -0.5170637 1.868129 1
-0.220591 -0.581774 1.840391 1
0.02410442 0.1001269 1.943345 1
0.08199801 -0.2755807 1.895278 1
0.089729 -0.5119593 1.892422 1
0.09017414 -0.5385853 1.811282 1
-0.05347195 0.2062834 1.955557 1
-0.05319862 0.2646154 1.996726 1
-0.05317508 0.5999714 2.03788 1
-0.05456414 0.7604501 2.05006 1
-0.2430615 0.5170603 2.02438 1
-0.4412585 0.6556564 1.964757 1
-0.582258 0.7385589 1.875763 1
-0.6237476 0.7679705 1.845253 1
0.1197816 0.5149127 2.019657 1
0.3408976 0.5894159 1.989 1
0.5291592 0.6621665 1.947046 1
0.5906774 0.6945882 1.933001 1
-0.1322967 0.1239261 1.933117 1
-0.1687123 -0.2595432 1.907149 1
-0.1925779 -0.5136806 1.882021 1
-0.193051 -0.5400372 1.800789 1
0.02562293 0.1275059 1.940137 1
0.06911003 -0.2667447 1.912881 1
0.08775455 -0.516915 1.907444 1
0.08728145 -0.5432715 1.826212 1
-0.05905714 0.2264618 1.95421 1
-0.0580928 0.284752 1.997028 1
-0.05874913 0.6220208 2.03868 1
-0.05807425 0.7786653 2.05144 1
-0.2492474 0.5501112 2.033401 1
-0.429918 0.7117538 1.99066 1
-0.5490009 0.8337955 1.918375 1
-0.5891252 0.8739178 1.901211 1
0.114717 0.5369292 2.018896 1
0.3262413 0.6496951 2.009658 1
0.4842368 0.7360502 1.981227 1
0.5540977 0.7737866 1.9699 1
-0.13836 0.1462908 1.933639 1
-0.1610096 -0.2623677 1.92235 1
-0.1777311 -0.533981 1.904411 1
-0.2034274 -0.5823177 1.856713 1
0.01961067 0.14925 1.935871 1
0.05775274 -0.2633846 1.924444 1
0.08101633 -0.5253791 1.921176 1
0.07906466 -0.5516778 1.839927 1
-0.0615598 0.2370467 1.954472 1
-0.06012264 0.2948711 1.99837 1
-0.06181096 0.6313959 2.037894 1
-0.06092753 0.7882918 2.05198 1
-0.2491725 0.5660298 2.038864 1
-0.4070986 0.7518021 2.013672 1
-0.5216475 0.8833717 1.953717 1
-0.559505 0.9270433 1.940728 1
0.1112355 0.5600442 2.020667 1
0.3048433 0.6873742 2.022633 1
0.4478428 0.7977061 2.019803 1
0.4673464 0.8013768 2.020819 1
-0.1401959 0.1573662 1.936344 1
-0.1595795 -0.2586123 1.930553 1
-0.1779946 -0.5442441 1.923291 1
-0.1972671 -0.5810513 1.863722 1
0.01689343 0.1598023 1.934342 1
0.05308226 -0.2596825 1.93279 1
0.07406053 -0.5307064 1.93696 1
0.07641055 -0.5968544 1.907068 1
-0.06269111 0.2437138 1.954389 1
-0.06114832 0.30135 1.99929 1
-0.06399036 0.6381192 2.036876 1
-0.06516408 0.7955093 2.054324 1
-0.2476999 0.5746504 2.044101 1
-0.4000807 0.7536418 2.020694 1
-0.512797 0.888945 1.966798 1
-0.5500017 0.9334799 1.954862 1
0.1105445 0.5676789 2.023553 1
0.2955696 0.7236258 2.036837 1
0.4488752 0.8191776 2.035353 1
0.5025642 0.8436716 2.030102 1
-0.1402327 0.1648993 1.93726 1
-0.1598291 -0.2542355 1.934825 1
-0.1799099 -0.5513468 1.936326 1
-0.1928966 -0.5775421 1.869825 1
0.01513328 0.1665327 1.933817 1
0.05115002 -0.253176 1.935805 1
0.07239823 -0.5341796 1.951253 1
0.0763182 -0.5964184 1.913994 1
-0.06284523 0.2438165 1.954357 1
-0.06091939 0.3013818 2.000227 1
-0.06575508 0.6391379 2.036197 1
-0.06762799 0.7967122 2.054827 1
-0.2466125 0.5784997 2.048127 1
-0.3980403 0.7517927 2.023474 1
-0.5096486 0.8863378 1.964064 1
-0.5465223 0.9305565 1.950071 1
0.1031844 0.5681489 2.022449 1
0.2902275 0.7215743 2.03699 1
0.4314435 0.8335792 2.042009 1
0.4849696 0.8565214 2.052934 1
-0.1397252 0.1658108 1.937452 1
-0.1606155 -0.2525493 1.935756 1
-0.1797625 -0.5497311 1.934431 1
-0.1929048 -0.5809091 1.87013 1
0.01415322 0.1674242 1.933927 1
0.05143308 -0.2524419 1.936251 1
0.07120481 -0.5361819 1.953024 1
0.07342742 -0.5979615 1.914843 1
-0.06271482 0.2434226 1.954543 1
-0.06066305 0.3006962 2.001295 1
-0.06630991 0.6375864 2.03601 1
-0.0693406 0.7952424 2.05511 1
-0.2460233 0.5770521 2.04979 1
-0.4008012 0.7355492 2.023244 1
-0.506429 0.869064 1.949084 1
-0.5414057 0.9127974 1.929714 1
0.1036921 0.567938 2.023026 1
0.2914964 0.7205846 2.037739 1
0.4342175 0.8308247 2.0427 1
0.485017 0.8598853 2.051978 1
-0.1393242 0.1653254 1.937533 1
-0.1629517 -0.2518614 1.933908 1
-0.1807861 -0.5477895 1.931949 1
-0.1879283 -0.5820587 1.868266 1
0.01438521 0.1670124 1.934463 1
0.05279399 -0.2530245 1.935627 1
0.0710551 -0.5376954 1.953702 1
0.07201134 -0.5999015 1.916146 1
-0.06166379 0.2329502 1.956174 1
-0.05974299 0.2904811 2.003241 1
-0.07011688 0.6268331 2.034587 1
-0.07342536 0.7843568 2.05357 1
-0.2470176 0.5673249 2.052654 1
-0.4138449 0.691283 2.015767 1
-0.5435296 0.7770945 1.910479 1
-0.57859 0.8155597 1.882156 1
0.1025994 0.5574411 2.019433 1
0.302264 0.6935493 2.036865 1
0.4550658 0.7902917 2.036102 1
0.5053155 0.821674 2.03716 1
-0.1369029 0.1551715 1.938002 1
-0.1675495 -0.2526258 1.918917 1
-0.1846447 -0.5261552 1.890915 1
-0.1909837 -0.552846 1.80994 1
0.01641257 0.1561098 1.93894 1
0.05853328 -0.2608299 1.929844 1
0.06809083 -0.5458946 1.954188 1
0.07062487 -0.6101253 1.920289 1
-0.05936096 0.2075731 1.958315 1
-0.05750712 0.2668791 2.004639 1
-0.06668341 0.6070576 2.027275 1
-0.07692251 0.7677694 2.050798 1
-0.240425 0.5241666 2.037274 1
-0.4195645 0.6191876 2.002467 1
-0.548494 0.7082971 1.899133 1
-0.5789233 0.7395706 1.859081 1
0.1041998 0.5357661 2.01159 1
0.3240812 0.6378537 2.024739 1
0.488511 0.7443016 2.024795 1
0.5453063 0.7888898 2.027713 1
-0.1341477 0.1305539 1.941384 1
-0.1732776 -0.2579772 1.891221 1
-0.1874016 -0.5263434 1.881086 1
-0.1932028 -0.5535829 1.80026 1
0.01792294 0.1322752 1.944101 1
0.06538385 -0.2657715 1.91598 1
0.06974337 -0.5474577 1.948917 1
0.0671688 -0.6141875 1.920267 1
-0.06011181 0.1821861 1.960609 1
-0.05722175 0.2427938 2.005598 1
-0.06626347 0.5817447 2.015402 1
-0.07911876 0.7540607 2.039187 1
-0.2398866 0.5007041 2.026112 1
-0.4461212 0.5464796 1.973727 1
-0.5864466 0.6290172 1.881644 1
-0.6289667 0.657013 1.819715 1
0.0994953 0.4909526 1.989862 1
0.3264327 0.5683972 2.005767 1
0.5379458 0.6701956 2.009526 1
0.584502 0.706144 2.002361 1
-0.1341621 0.1054613 1.945524 1
-0.181254 -0.2635707 1.875348 1
-0.1940496 -0.5174958 1.85689 1
-0.201424 -0.5456417 1.77648 1
0.01619234 0.1077308 1.950076 1
0.07410578 -0.2678591 1.895423 1
0.07491157 -0.5385652 1.91523 1
0.06753717 -0.5667111 1.83482 1
-0.05886346 0.1574742 1.963302 1
-0.05624142 0.219889 2.006899 1
-0.06347434 0.560901 2.005155 1
-0.07905634 0.7222345 2.019346 1
-0.2367887 0.4665636 2.006076 1
-0.4399738 0.4706657 1.963426 1
-0.5962876 0.5014053 1.864631 1
-0.6487261 0.5110744 1.804759 1
0.09588601 0.4609638 1.976466 1
0.2976501 0.4913055 1.986693 1
0.4775964 0.5109782 1.984539 1
0.5529524 0.5374917 1.97773 1
-0.1327012 0.0832042 1.950137 1
-0.1934102 -0.2651192 1.858258 1
-0.2022824 -0.5085073 1.837682 1
-0.2085084 -0.5375611 1.757484 1
0.01656661 0.08363755 1.956223 1
0.08198904 -0.2686749 1.883573 1
0.08773498 -0.516992 1.879475 1
0.08150897 -0.5460458 1.799277 1
-0.05736081 0.1236096 1.964672 1
-0.05552597 0.1872622 2.004747 1
-0.06242457 0.5219792 1.985366 1
-0.07494913 0.6970649 2.006397 1
-0.2293659 0.4169513 1.980593 1
-0.4146763 0.3790707 1.951782 1
-0.5822476 0.3766032 1.870395 1
-0.6449513 0.3859955 1.77362 1
0.09675318 0.4188583 1.958166 1
0.3246525 0.3930365 1.96322 1
0.5055644 0.3854325 1.959875 1
0.5796068 0.4160804 1.957076 1
-0.1308261 0.04887187 1.953709 1
-0.1992261 -0.2625979 1.852772 1
-0.208394 -0.5025499 1.828145 1
-0.213295 -0.533217 1.748436 1
0.01796293 0.05187821 1.962582 1
0.09705597 -0.2766124 1.86889 1
0.09793401 -0.5024803 1.862287 1
0.09303307 -0.5331475 1.782578 1
-0.05457023 0.08206294 1.965399 1
-0.05339785 0.1491537 1.999964 1
-0.05661761 0.4906928 1.968942 1
-0.07145311 0.6599299 1.98982 1
-0.2190518 0.3784307 1.95542 1
-0.4084744 0.2972887 1.927468 1
-0.5774295 0.2793117 1.85222 1
-0.6337479 0.2733193 1.831219 1
0.09413249 0.3804806 1.942652 1
0.3184234 0.3017266 1.943665 1
0.4948453 0.2603381 1.930481 1
0.5612093 0.2605942 1.926685 1
-0.1268307 0.01406992 1.955712 1
-0.208343 -0.2709576 1.846947 1
-0.2175947 -0.4968717 1.81592 1
-0.220359 -0.5290012 1.736831 1
0.01789488 0.01199628 1.969629 1
0.1056648 -0.2777935 1.864655 1
0.1045482 -0.5031862 1.853091 1
0.1017839 -0.5353158 1.774002 1
-0.058482 0.04975954 1.963894 1
-0.05700687 0.115927 1.992397 1
-0.05799005 0.4442475 1.949403 1
-0.0684291 0.6168969 1.967071 1
-0.2207759 0.3417667 1.941006 1
-0.3772965 0.2185798 1.911649 1
-0.5110868 0.1055697 1.852724 1
-0.5511642 0.06466395 1.837708 1
0.09651001 0.3338893 1.926761 1
0.3061428 0.2080099 1.921143 1
0.4936361 0.1090685 1.89994 1
0.5555079 0.1425303 1.899526 1
-0.1323273 -0.02311635 1.956234 1
-0.2268245 -0.2985126 1.833044 1
-0.2326021 -0.5239109 1.801674 1
-0.1987279 -0.5814616 1.829865 1
0.0143989 -0.02473239 1.971176 1
0.1244821 -0.2977611 1.85686 1
0.1196145 -0.5228735 1.846694 1
0.08452667 -0.5836789 1.864744 1
-0.05974299 0.02534661 1.963185 1
-0.05931477 0.09232153 1.987003 1
-0.05817404 0.4231149 1.94238 1
-0.06692518 0.5991815 1.959352 1
-0.2241301 0.2945122 1.924431 1
-0.3613004 0.126019 1.891997 1
-0.4611397 -0.02113706 1.844399 1
-0.5028528 -0.06117721 1.831695 1
0.1004053 0.3086331 1.922054 1
0.2650775 0.1272559 1.910558 1
0.4726022 -0.0009726286 1.872568 1
0.5237116 0.02855588 1.877092 1
-0.1350905 -0.04936779 1.95839 1
-0.2381478 -0.3135938 1.817703 1
-0.2467512 -0.5388547 1.794272 1
-0.1966141 -0.5886875 1.810302 1
0.01467237 -0.04720243 1.971 1
0.133048 -0.3141881 1.850869 1
0.1303513 -0.5389577 1.843811 1
0.08792564 -0.5921692 1.868763 1
-0.05916332 -0.004162034 1.961709 1
-0.0594954 0.06385208 1.980115 1
-0.05798584 0.3919326 1.925546 1
-0.06414521 0.5655698 1.946196 1
-0.2185471 0.2702377 1.912992 1
-0.3296129 0.06435743 1.886613 1
-0.4110947 -0.09543078 1.847418 1
-0.4493357 -0.1638203 1.830442 1
0.1026932 0.2787617 1.91876 1
0.2232724 0.07596648 1.907482 1
0.3103182 -0.08028869 1.865151 1
0.3731196 -0.1275823 1.849435 1
-0.1336799 -0.07591344 1.961417 1
-0.2434431 -0.3294637 1.80542 1
-0.2599099 -0.5543619 1.777831 1
-0.2021848 -0.5480347 1.821259 1
0.01477449 -0.07486542 1.969967 1
0.1403679 -0.3350762 1.84146 1
0.1384725 -0.5597128 1.837371 1
0.07996169 -0.5787534 1.875739 1
-0.05897669 -0.0148825 1.960699 1
-0.05941713 0.05339506 1.975718 1
-0.05679779 0.3840607 1.921384 1
-0.06313635 0.5584812 1.942435 1
-0.2147723 0.2564888 1.905648 1
-0.3122366 0.04948302 1.889575 1
-0.3781925 -0.1178965 1.853661 1
-0.4266405 -0.1799476 1.838334 1
0.09955749 0.264425 1.915805 1
0.2037973 0.04255157 1.903285 1
0.2837756 -0.1173748 1.860163 1
0.3197841 -0.1404868 1.845892 1
-0.1328801 -0.084821 1.962168 1
-0.2427526 -0.33374 1.798175 1
-0.2614775 -0.5585768 1.775943 1
-0.2042689 -0.5348653 1.813714 1
0.01401737 -0.08416204 1.968591 1
0.1415809 -0.3414548 1.835564 1
0.1398735 -0.565974 1.833747 1
0.08115552 -0.5740983 1.875556 1
-0.0595041 -0.01765515 1.960143 1
-0.05981482 0.05053391 1.972408 1
-0.05627096 0.3809227 1.918454 1
-0.06147578 0.5544912 1.938918 1
-0.2123681 0.255415 1.903771 1
-0.3079464 0.05143206 1.891122 1
-0.3805853 -0.1124976 1.850578 1
-0.4312377 -0.1718584 1.831916 1
0.09863317 0.261705 1.915351 1
0.202843 0.04243835 1.904562 1
0.2849654 -0.1161029 1.859595 1
0.3195668 -0.1366289 1.841543 1
-0.1329999 -0.08623665 1.962021 1
-0.2403387 -0.3335403 1.794113 1
-0.2591114 -0.5584275 1.774782 1
-0.2031473 -0.5423198 1.818073 1
0.01286886 -0.08667906 1.968261 1
0.1364186 -0.3439865 1.831757 1
0.1364444 -0.5679483 1.835828 1
0.07642755 -0.5750952 1.875983 1
-0.05939218 -0.01663915 1.959589 1
-0.05975357 0.05142689 1.969583 1
-0.05556918 0.3822316 1.917244 1
-0.06058998 0.5546064 1.93694 1
-0.2106587 0.2597245 1.902087 1
-0.322609 0.07999178 1.893047 1
-0.4622943 -0.07542934 1.824814 1
-0.5165776 -0.090864 1.806738 1
0.09943442 0.2636791 1.917224 1
0.2245587 0.07677516 1.916142 1
0.3228526 -0.06932443 1.859747 1
0.3416409 -0.0741473 1.834851 1
-0.1328927 -0.08527371 1.961367 1
-0.2393798 -0.3329998 1.79397 1
-0.257963 -0.5576897 1.774154 1
-0.1980545 -0.540296 1.811202 1
0.01284114 -0.08598307 1.968038 1
0.1358378 -0.3430352 1.83099 1
0.1371361 -0.5670724 1.832539 1
0.07687777 -0.5740622 1.87234 1
-0.05463594 0.008832435 1.954439 1
-0.05538756 0.07577059 1.963117 1
-0.05190447 0.4039585 1.916103 1
-0.05757638 0.5735788 1.935842 1
-0.2127912 0.2890666 1.904372 1
-0.368957 0.1382928 1.893873 1
-0.508788 -0.02062453 1.823744 1
-0.5553983 -0.07359698 1.804447 1
0.1065177 0.2832438 1.9262 1
0.266728 0.1196975 1.917093 1
0.3858243 -0.01041681 1.861804 1
0.4276406 -0.04923925 1.84569 1
-0.1301853 -0.06456859 1.954054 1
-0.2340248 -0.3215073 1.800854 1
-0.2535486 -0.546246 1.777696 1
-0.1902935 -0.5571542 1.811567 1
0.01888638 -0.06571677 1.965226 1
0.1321751 -0.3312156 1.837461 1
0.1334469 -0.5559307 1.833208 1
0.07669822 -0.5838841 1.868783 1
-0.05107854 0.05575422 1.950018 1
-0.05251575 0.121033 1.958182 1
-0.0519864 0.4433209 1.91909 1
-0.05755517 0.6106001 1.939077 1
-0.221722 0.3369164 1.913974 1
-0.3882697 0.2157781 1.894401 1
-0.5255452 0.1151432 1.818922 1
-0.5713037 0.08159821 1.797842 1
0.1163404 0.332368 1.940858 1
0.2910049 0.1843906 1.920053 1
0.4693716 0.1047063 1.852121 1
0.520828 0.1033276 1.82282 1
-0.1283349 -0.02259233 1.946638 1
-0.2235402 -0.2943579 1.817542 1
-0.2376801 -0.5193444 1.794276 1
-0.2315534 -0.5548136 1.716851 1
0.02617506 -0.02217513 1.961117 1
0.123303 -0.3014175 1.853139 1
0.1244215 -0.5265161 1.841315 1
0.094583 -0.5910441 1.855912 1
-0.05014243 0.08979496 1.950011 1
-0.05112327 0.1556827 1.957961 1
-0.0506007 0.4838097 1.928285 1
-0.05752112 0.652396 1.945043 1
-0.2258521 0.378897 1.923551 1
-0.4029453 0.2983047 1.903115 1
-0.5742865 0.2614045 1.843484 1
-0.6267725 0.2527443 1.817568 1
0.115237 0.3703373 1.945184 1
0.3164406 0.2743154 1.931195 1
0.4855006 0.2161026 1.887403 1
0.5364721 0.216992 1.857361 1
-0.1275761 0.01331679 1.945509 1
-0.2139057 -0.2676713 1.832784 1
-0.2276282 -0.5020217 1.810013 1
-0.2226621 -0.5364627 1.732192 1
0.02751593 0.01361997 1.958569 1
0.1200383 -0.2842698 1.865231 1
0.1193682 -0.5094615 1.848978 1
0.1243344 -0.5439026 1.771157 1
-0.04933839 0.138142 1.947826 1
-0.05129648 0.2025599 1.955684 1
-0.05664034 0.5247251 1.932913 1
-0.05692615 0.7015125 1.953663 1
-0.2347244 0.4230117 1.932027 1
-0.4169323 0.3808746 1.90895 1
-0.5862726 0.3882478 1.831741 1
-0.6076101 0.3988672 1.73026 1
0.1155038 0.4239697 1.950325 1
0.3220841 0.3663534 1.944209 1
0.4961802 0.3179111 1.914764 1
0.5490782 0.3229147 1.886985 1
-0.1266747 0.05321342 1.94308 1
-0.2026705 -0.2510798 1.845082 1
-0.2199365 -0.5014921 1.82327 1
-0.2157331 -0.5352215 1.745083 1
0.03101276 0.0602374 1.953831 1
0.1134887 -0.2658514 1.880513 1
0.1104828 -0.5131036 1.867323 1
0.1146861 -0.5468329 1.789136 1
-0.04831311 0.1679975 1.948665 1
-0.05009 0.2347529 1.957178 1
-0.05516991 0.5716728 1.943251 1
-0.05957817 0.7269808 1.951993 1
-0.2376235 0.4727862 1.938196 1
-0.4433911 0.46342 1.913253 1
-0.5919406 0.5020016 1.804129 1
-0.590932 0.5023955 1.768535 1
0.1133322 0.4717233 1.955885 1
0.3140786 0.4451597 1.95626 1
0.5072042 0.4445306 1.934322 1
0.5603372 0.4568624 1.911413 1
-0.1253188 0.09111267 1.941911 1
-0.1850103 -0.2405718 1.861511 1
-0.2079602 -0.5055113 1.834517 1
-0.2038688 -0.5383212 1.755946 1
0.03172571 0.08939488 1.953478 1
0.102925 -0.2564868 1.894881 1
0.1054075 -0.5071353 1.879701 1
0.1094989 -0.5399452 1.801129 1
-0.04882514 0.2022623 1.944726 1
-0.05074763 0.267402 1.953996 1
-0.05668614 0.5951304 1.943104 1
-0.06041733 0.7499254 1.948677 1
-0.2349657 0.5074334 1.940478 1
-0.4517045 0.5430944 1.918525 1
-0.5839995 0.5997841 1.795703 1
-0.6179724 0.6191176 1.72584 1
0.1121651 0.5052987 1.956952 1
0.3181094 0.5347213 1.971015 1
0.4982995 0.5563908 1.956107 1
0.5718854 0.5759573 1.931388 1
-0.1259354 0.1196728 1.938303 1
-0.1712763 -0.2389769 1.880694 1
-0.1993322 -0.5075799 1.84773 1
-0.1954415 -0.5400151 1.768965 1
0.03161023 0.129204 1.946961 1
0.08694527 -0.2374102 1.91331 1
0.09679049 -0.5068855 1.892304 1
0.1006812 -0.5393206 1.813539 1
-0.04774011 0.2196579 1.942131 1
-0.05023796 0.288856 1.952655 1
-0.06131952 0.6456624 1.947704 1
-0.05751424 0.7943287 1.93081 1
-0.2290018 0.5300566 1.941568 1
-0.4368703 0.6097024 1.928912 1
-0.5709495 0.6810492 1.81722 1
-0.6039688 0.698658 1.746389 1
0.1111711 0.5328449 1.957483 1
0.3277362 0.6026209 1.979955 1
0.5329205 0.6793312 1.960839 1
0.5812005 0.7076131 1.930269 1
-0.1229027 0.1420338 1.933797 1
-0.1597907 -0.2356246 1.896419 1
-0.1888925 -0.5101678 1.859925 1
-0.1850768 -0.5420522 1.780889 1
0.03227527 0.1469052 1.943904 1
0.07183553 -0.2320177 1.931906 1
0.08869691 -0.5127576 1.90578 1
0.09251261 -0.544642 1.826744 1
-0.04680505 0.2305939 1.94007 1
-0.04902742 0.3008583 1.952003 1
-0.05956089 0.6570033 1.948326 1
-0.05374305 0.8046044 1.928545 1
-0.2226924 0.545354 1.942917 1
-0.4210936 0.6727316 1.937898 1
-0.5526183 0.7413032 1.820814 1
-0.5713578 0.751575 1.749185 1
0.09724766 0.5510085 1.950814 1
0.310453 0.6595717 1.982914 1
0.477581 0.7301908 1.979299 1
0.5479151 0.764136 1.961034 1
-0.1186328 0.1587771 1.929185 1
-0.1515994 -0.2323984 1.911772 1
-0.1833778 -0.5102829 1.871477 1
-0.1812568 -0.5419807 1.792275 1
0.02983852 0.1639828 1.942646 1
0.06534785 -0.2289916 1.954471 1
0.07922508 -0.5176387 1.921184 1
0.0813461 -0.5493365 1.841982 1
-0.04501017 0.2446155 1.938527 1
-0.0473693 0.3149019 1.951967 1
-0.05892108 0.6712674 1.949136 1
-0.0489612 0.8147414 1.919869 1
-0.2230846 0.5658889 1.946602 1
-0.4128416 0.6948565 1.938968 1
-0.5444317 0.7634622 1.821832 1
-0.588295 0.7863308 1.786866 1
0.09060112 0.5633801 1.949684 1
0.2940592 0.6885104 1.983964 1
0.4455466 0.7865335 1.993383 1
0.4981281 0.8133887 1.998296 1
-0.1153685 0.1736022 1.925914 1
-0.1474013 -0.2322437 1.921984 1
-0.178694 -0.5123389 1.878568 1
-0.177592 -0.5438635 1.799255 1
0.03030544 0.1763887 1.94277 1
0.06078376 -0.2282963 1.966312 1
0.07256303 -0.5150029 1.933298 1
0.07366503 -0.5465276 1.853985 1
-0.04157863 0.2597947 1.937727 1
-0.04478573 0.3285964 1.952095 1
-0.05733038 0.6788844 1.948406 1
-0.04773972 0.8199123 1.913851 1
-0.2239166 0.5736495 1.947401 1
-0.4063194 0.7100524 1.939825 1
-0.5379627 0.7786858 1.822645 1
-0.5818438 0.8015636 1.787665 1
0.1061252 0.5901085 1.961063 1
0.3007358 0.7299083 1.992568 1
0.4648353 0.8174543 2.02203 1
0.5195351 0.8466364 2.035931 1
-0.113774 0.181798 1.924311 1
-0.1457606 -0.2359163 1.928414 1
-0.1766345 -0.5144454 1.882001 1
-0.1733946 -0.5458919 1.802691 1
0.03470194 0.1866674 1.943366 1
0.06016827 -0.2275683 1.972043 1
0.06810067 -0.5146067 1.942524 1
0.07134054 -0.5460532 1.863215 1
-0.04034456 0.2612948 1.93769 1
-0.04339623 0.3302286 1.952764 1
-0.05427726 0.681042 1.948024 1
-0.0306388 0.8215613 1.91566 1
-0.2219468 0.573288 1.946596 1
-0.4017267 0.7148867 1.937712 1
-0.5334233 0.7835478 1.820487 1
-0.5773222 0.8064349 1.785494 1
0.1076145 0.5929807 1.961986 1
0.2986054 0.7376629 1.993987 1
0.4476097 0.8301948 2.029858 1
0.4972778 0.8610388 2.045896 1
-0.1125284 0.1837453 1.923436 1
-0.1458538 -0.236268 1.928674 1
-0.1738838 -0.5175677 1.885532 1
-0.170282 -0.5490547 1.80623 1
0.03619394 0.1884719 1.944161 1
0.05977362 -0.2281501 1.972932 1
0.06625567 -0.51871 1.949561 1
0.06985747 -0.550197 1.870259 1
-0.04003606 0.26113 1.937633 1
-0.04311976 0.3299868 1.953087 1
-0.05225692 0.679541 1.9464 1
-0.02616887 0.8195511 1.913757 1
-0.2161021 0.5684205 1.942788 1
-0.3964522 0.7139214 1.931101 1
-0.5009356 0.7968448 1.795103 1
-0.5357634 0.8244859 1.753852 1
0.1090101 0.5930071 1.961806 1
0.2979488 0.7404839 1.993939 1
0.4485409 0.8304417 2.030042 1
0.4987383 0.8604276 2.046158 1
-0.1123117 0.1837285 1.92327 1
-0.1479964 -0.236607 1.924806 1
-0.1719051 -0.5239234 1.888211 1
-0.1674647 -0.55554 1.80898 1
0.03650229 0.1883246 1.944405 1
0.06074898 -0.2293676 1.97146 1
0.06292834 -0.5254549 1.954347 1
0.06736874 -0.5570714 1.875116 1
-0.03785473 0.2516494 1.938645 1
-0.0401654 0.3202894 1.952523 1
-0.04410667 0.6642163 1.938503 1
-0.03719166 0.8138742 1.923778 1
-0.2129252 0.5581516 1.93726 1
-0.3937981 0.6997227 1.908173 1
-0.5122066 0.8009772 1.801762 1
-0.5518493 0.8345753 1.773432 1
0.1142561 0.5807151 1.956381 1
0.2964823 0.7356009 1.991196 1
0.4472772 0.8272207 2.023739 1
0.4975421 0.8577607 2.03867 1
-0.1108188 0.1746282 1.926093 1
-0.1546466 -0.2368396 1.903316 1
-0.1718594 -0.5322325 1.887156 1
-0.1673053 -0.5646449 1.808243 1
0.03807985 0.1791171 1.945971 1
0.06643012 -0.2294528 1.953848 1
0.06290337 -0.5321855 1.954712 1
0.0674575 -0.5645979 1.875799 1
-0.03556401 0.2374343 1.941576 1
-0.03731392 0.3031406 1.951681 1
-0.03825708 0.6207768 1.92214 1
-0.04013989 0.7777506 1.937999 1
-0.2115586 0.5326899 1.92678 1
-0.3968029 0.6549008 1.871801 1
-0.5200717 0.7517881 1.766922 1
-0.5608076 0.7834576 1.737924 1
0.1259237 0.5557951 1.949836 1
0.3193542 0.6983181 1.980329 1
0.4723097 0.7935987 1.994325 1
0.5192812 0.8291886 1.999833 1
-0.1101287 0.1568363 1.93413 1
-0.1725356 -0.2269195 1.873947 1
-0.1792054 -0.5312077 1.879325 1
-0.1737207 -0.565496 1.801259 1
0.04178005 0.1617076 1.950316 1
0.08249803 -0.2311234 1.922163 1
0.06731783 -0.5320541 1.950193 1
0.07280254 -0.5663424 1.872126 1
-0.03437743 0.2039531 1.943891 1
-0.03539575 0.2670365 1.950314 1
-0.03614251 0.5853735 1.918032 1
-0.04016304 0.7419854 1.932229 1
-0.2103193 0.5003595 1.9138 1
-0.4048373 0.5920967 1.849039 1
-0.5232347 0.6907373 1.739629 1
-0.5590505 0.7228112 1.705182 1
0.1335419 0.5088369 1.932701 1
0.3348426 0.6362572 1.971828 1
0.4882416 0.7325986 1.978945 1
0.5236868 0.7623524 1.969623 1
-0.1102112 0.1251049 1.940034 1
-0.1868713 -0.2206236 1.852902 1
-0.1984463 -0.5060428 1.846177 1
-0.1940034 -0.5409909 1.768427 1
0.04250777 0.1279296 1.952822 1
0.09894248 -0.2275341 1.901187 1
0.0838175 -0.5167221 1.906692 1
0.08826032 -0.5516702 1.828942 1
-0.03353234 0.154039 1.945409 1
-0.03260185 0.2181712 1.947733 1
-0.02279702 0.5318053 1.904639 1
-0.03276294 0.7029258 1.922575 1
-0.1985077 0.4496387 1.891382 1
-0.4279815 0.5098132 1.814999 1
-0.5401886 0.6138282 1.703726 1
-0.5468106 0.6289744 1.670999 1
0.1371843 0.4582068 1.915064 1
0.3490942 0.542473 1.958984 1
0.5348813 0.6686475 1.965379 1
0.5662846 0.7156501 1.948027 1
-0.1104931 0.08023555 1.94637 1
-0.1952707 -0.2209339 1.842103 1
-0.2107563 -0.4916686 1.821269 1
-0.2051469 -0.5283179 1.744481 1
0.03922163 0.08008734 1.95547 1
0.1236681 -0.2405878 1.873406 1
0.09392386 -0.5006303 1.876735 1
0.09953332 -0.5372796 1.799948 1
-0.03257653 0.1008401 1.94457 1
-0.03048922 0.1646687 1.943425 1
-0.01560383 0.4766119 1.890212 1
-0.02472656 0.6378672 1.903693 1
-0.1893662 0.3924368 1.875278 1
-0.420617 0.4176213 1.806256 1
-0.5525629 0.4933486 1.693617 1
-0.5675263 0.5165155 1.657722 1
0.1377762 0.3955638 1.898221 1
0.3311692 0.4392049 1.93601 1
0.5266075 0.505874 1.962978 1
0.5851256 0.5597755 1.954077 1
-0.1095955 0.02878616 1.948096 1
-0.2054092 -0.2501794 1.830487 1
-0.2149537 -0.4926085 1.814503 1
-0.2094981 -0.5308471 1.738521 1
0.03782646 0.02641734 1.957459 1
0.1340432 -0.2621415 1.859285 1
0.1189021 -0.4873038 1.84741 1
0.08262359 -0.5578549 1.878985 1
-0.02996527 0.04158765 1.947006 1
-0.02722414 0.1061114 1.942778 1
-0.008497599 0.4204721 1.88071 1
-0.01574683 0.5815486 1.888063 1
-0.1755408 0.3275945 1.858478 1
-0.391197 0.3029866 1.814332 1
-0.5384354 0.3475879 1.704295 1
-0.5895823 0.3729673 1.648151 1
0.1430178 0.3296562 1.886789 1
0.3600428 0.3567876 1.930711 1
0.557909 0.381575 1.95547 1
0.6125665 0.4246057 1.951486 1
-0.1048922 -0.02754826 1.950929 1
-0.2142119 -0.2948059 1.821291 1
-0.2255851 -0.5203242 1.801381 1
-0.2099172 -0.5851593 1.829695 1
0.0369049 -0.03147051 1.963367 1
0.1435193 -0.3047594 1.845742 1
0.1276737 -0.529919 1.829248 1
0.08063483 -0.5829512 1.844271 1
-0.02945189 -0.001013778 1.948524 1
-0.02619557 0.06185905 1.940953 1
-0.004304507 0.368236 1.867312 1
-0.008517275 0.5354314 1.874514 1
-0.1724829 0.2694137 1.849287 1
-0.3671873 0.2131611 1.820775 1
-0.5330712 0.1787159 1.741372 1
-0.5840471 0.1645242 1.7149 1
0.15392 0.274322 1.883891 1
0.3361199 0.2417356 1.90656 1
0.5487068 0.2304733 1.939511 1
0.6108006 0.2809849 1.940418 1
-0.1056603 -0.0732676 1.955904 1
-0.2246839 -0.3270246 1.807764 1
-0.2366478 -0.552147 1.792436 1
-0.2291903 -0.5405373 1.721324 1
0.03712554 -0.07582632 1.96772 1
0.1371985 -0.349307 1.84493 1
0.1155447 -0.5737646 1.827892 1
0.07392593 -0.5195534 1.851898 1
-0.0275248 -0.062344 1.943987 1
-0.02370916 -0.001475964 1.932232 1
0.001416282 0.2914732 1.844321 1
0.003687335 0.4535445 1.849033 1
-0.1646404 0.1890238 1.834753 1
-0.3527947 0.06874759 1.823724 1
-0.4975937 -0.03312118 1.76822 1
-0.5410532 -0.06135517 1.739751 1
0.1635922 0.1911035 1.879225 1
0.3426678 0.09088291 1.889574 1
0.5135884 0.01842703 1.902853 1
0.5700133 0.003167297 1.893923 1
-0.1056323 -0.1310008 1.955522 1
-0.2417457 -0.3516179 1.770945 1
-0.2522868 -0.5769147 1.752345 1
-0.2425552 -0.6212878 1.680267 1
0.03885206 -0.1370993 1.967887 1
0.139814 -0.4150281 1.835674 1
0.1111909 -0.5255709 1.829221 1
0.1209224 -0.569944 1.757143 1
-0.02853824 -0.06621061 1.943722 1
-0.02478553 -0.006342274 1.930796 1
-0.0006557427 0.2803866 1.840322 1
0.005364741 0.4494583 1.847546 1
-0.1649812 0.1796439 1.833282 1
-0.3488941 0.0409732 1.827535 1
-0.4921452 -0.06920228 1.791663 1
-0.5142581 -0.09016617 1.774572 1
0.1656336 0.1817551 1.878998 1
0.326734 0.06170846 1.880364 1
0.4948025 -0.03651902 1.883209 1
0.5614458 -0.05098954 1.871603 1
-0.1075475 -0.1352046 1.956348 1
-0.24029 -0.3519431 1.764934 1
-0.2511511 -0.5771146 1.750802 1
-0.2412789 -0.6221718 1.679167 1
0.03854044 -0.1415133 1.967807 1
0.1409081 -0.3608754 1.822553 1
0.1099288 -0.527099 1.829473 1
0.1198009 -0.5721561 1.757837 1
-0.0294052 -0.06968515 1.944465 1
-0.02513914 -0.01010411 1.930524 1
0.001450662 0.275811 1.839168 1
0.01116202 0.443324 1.845253 1
-0.1636181 0.1745408 1.831604 1
-0.3547508 0.03926945 1.829001 1
-0.4972334 -0.07350032 1.802539 1
-0.514963 -0.08721164 1.785599 1
0.1672375 0.1748584 1.878548 1
0.324767 0.05559849 1.875117 1
0.4840428 -0.04530653 1.868145 1
0.5551634 -0.06746253 1.851754 1
-0.1092194 -0.1381548 1.958055 1
-0.240949 -0.3506125 1.760771 1
-0.2505386 -0.5759513 1.745455 1
-0.2405493 -0.6213447 1.674033 1
0.03740186 -0.14535 1.968641 1
0.140963 -0.3595091 1.822542 1
0.1039708 -0.5287825 1.829054 1
0.11396 -0.5741759 1.757632 1
-0.02912946 -0.06935689 1.944466 1
-0.02473427 -0.009990428 1.92993 1
0.002123971 0.2761346 1.839272 1
0.01785476 0.4445547 1.845934 1
-0.1633301 0.1757446 1.831605 1
-0.3542487 0.0677898 1.836252 1
-0.5143577 -0.01836187 1.836611 1
-0.5259645 -0.02398778 1.818359 1
0.1677312 0.174632 1.878621 1
0.3255784 0.05644768 1.871262 1
0.4851561 -0.03766508 1.855713 1
0.5498368 -0.0569783 1.833422 1
-0.1091355 -0.1377932 1.95767 1
-0.2405351 -0.3501823 1.760584 1
-0.249672 -0.57558 1.74523 1
-0.2397553 -0.620966 1.673793 1
0.0379729 -0.1450564 1.969378 1
0.1403141 -0.3517402 1.825584 1
0.1019078 -0.5283802 1.826969 1
0.1118245 -0.5737662 1.755533 1
-0.02613042 -0.05616099 1.944254 1
-0.02114102 0.003363136 1.929721 1
0.008295829 0.2939873 1.843225 1
0.02744304 0.4617591 1.853161 1
-0.159777 0.1979001 1.835676 1
-0.3391241 0.1339667 1.842367 1
-0.5085865 0.0674965 1.837584 1
-0.561989 0.04470274 1.826539 1
0.1727081 0.1837692 1.881508 1
0.3309489 0.08012516 1.864592 1
0.4994799 0.01195492 1.840479 1
0.5604346 -0.0002517227 1.820536 1
-0.1076829 -0.124707 1.953606 1
-0.2369811 -0.3451806 1.765213 1
-0.24674 -0.570392 1.749425 1
-0.2377551 -0.6151137 1.677466 1
0.04108685 -0.1347914 1.971913 1
0.1682233 -0.3659219 1.796052 1
0.129493 -0.5877488 1.785306 1
0.1384778 -0.6324705 1.713347 1
-0.02053835 -0.02229632 1.945715 1
-0.015578 0.03862959 1.932375 1
0.01202883 0.338242 1.855566 1
0.03826208 0.4978932 1.866717 1
-0.1566904 0.2467144 1.846571 1
-0.3414383 0.1901081 1.848123 1
-0.519915 0.1555711 1.846353 1
-0.5745995 0.1345642 1.838802 1
0.1811545 0.2219468 1.890119 1
0.3363445 0.1267087 1.86746 1
0.5173006 0.06836044 1.842771 1
0.5887684 0.06948428 1.82254 1
-0.1030343 -0.09261921 1.950656 1
-0.2280612 -0.3263126 1.777307 1
-0.2379022 -0.5513737 1.761009 1
-0.1886018 -0.5620115 1.812849 1
0.04802876 -0.1039019 1.974345 1
0.1579688 -0.349226 1.807412 1
0.1206437 -0.5711452 1.796352 1
0.1287598 -0.6141056 1.723354 1
-0.01847739 0.01255651 1.949966 1
-0.01309753 0.07277074 1.93713 1
0.01599002 0.3684584 1.864058 1
0.03868498 0.5293711 1.874137 1
-0.1565278 0.2858459 1.859704 1
-0.3506929 0.2503684 1.855393 1
-0.5322031 0.260043 1.853169 1
-0.5901768 0.2502716 1.858829 1
0.1850785 0.2647678 1.897929 1
0.3660594 0.1866654 1.872316 1
0.5455486 0.1466789 1.848685 1
0.62334 0.1510698 1.830946 1
-0.1030276 -0.05341698 1.956343 1
-0.2175247 -0.2986354 1.792999 1
-0.224363 -0.5235114 1.780185 1
-0.2171786 -0.5660641 1.70685 1
0.05117893 -0.07235151 1.97502 1
0.1500306 -0.3272275 1.816695 1
0.116337 -0.5494502 1.807628 1
0.07179511 -0.5870703 1.85043 1
-0.01529333 0.05789551 1.955169 1
-0.01024901 0.1203716 1.943653 1
0.01628688 0.423296 1.878958 1
0.03899626 0.5797561 1.891453 1
-0.1581755 0.3374684 1.875532 1
-0.361479 0.321056 1.865505 1
-0.5433943 0.3243498 1.853189 1
-0.6194776 0.3373472 1.832505 1
0.1890564 0.3133361 1.908335 1
0.348738 0.2265366 1.892818 1
0.5549189 0.2359889 1.867939 1
0.6316443 0.250811 1.851238 1
-0.10019 -0.01852172 1.959258 1
-0.2097796 -0.2734147 1.809218 1
-0.2131308 -0.4983903 1.793512 1
-0.2070459 -0.5394589 1.719232 1
0.0559398 -0.02321265 1.978311 1
0.1357884 -0.2923763 1.835134 1
0.107624 -0.5177799 1.82366 1
0.1137089 -0.5588486 1.74938 1
-0.01437583 0.09667317 1.95612 1
-0.009305918 0.1567485 1.945361 1
0.01732666 0.4586869 1.887049 1
0.04126777 0.629512 1.907102 1
-0.1611633 0.389433 1.890369 1
-0.4062502 0.4108815 1.875821 1
-0.5876497 0.4230885 1.855801 1
-0.6568904 0.4456637 1.822883 1
0.1903713 0.3577398 1.917491 1
0.376108 0.3163624 1.904679 1
0.5580563 0.3144908 1.889822 1
0.6346323 0.3335549 1.877167 1
-0.100453 0.02757349 1.959902 1
-0.1926845 -0.25152 1.830074 1
-0.20477 -0.4943939 1.801722 1
-0.2000226 -0.534628 1.726862 1
0.05777527 0.009499406 1.976959 1
0.1227606 -0.270886 1.850505 1
0.1066566 -0.5154947 1.828969 1
0.111404 -0.5557288 1.754108 1
-0.008874153 0.1402494 1.957523 1
-0.004194499 0.2043109 1.949105 1
0.01892004 0.5133967 1.904269 1
0.04104403 0.6787083 1.923034 1
-0.163155 0.4369008 1.903254 1
-0.4050938 0.4647429 1.891675 1
-0.5830082 0.5112953 1.841669 1
-0.6327595 0.5421311 1.833803 1
0.194422 0.4087829 1.926412 1
0.4326721 0.4110927 1.917116 1
0.6144853 0.4171492 1.907078 1
0.691883 0.4337978 1.896268 1
-0.09517007 0.05992475 1.959897 1
-0.1823019 -0.2427597 1.842269 1
-0.2011284 -0.4991906 1.818728 1
-0.1968027 -0.5372773 1.742868 1
0.06494012 0.05770362 1.973213 1
0.1131537 -0.2611254 1.861461 1
0.09644543 -0.517014 1.846069 1
0.1007712 -0.5551007 1.77021 1
-0.008444562 0.1645588 1.957602 1
-0.003921492 0.2269782 1.949606 1
0.01917102 0.5414099 1.909161 1
0.03952165 0.6971576 1.927066 1
-0.1620886 0.4689854 1.910252 1
-0.4003443 0.5303598 1.896609 1
-0.5802891 0.590919 1.838119 1
-0.6232951 0.6231228 1.813587 1
0.1930086 0.4410362 1.930739 1
0.4273097 0.4744255 1.931447 1
0.6083199 0.4909815 1.928686 1
0.6837528 0.5156621 1.919409 1
-0.09353136 0.09211789 1.95755 1
-0.1691511 -0.2344207 1.862189 1
-0.1959442 -0.5024173 1.835184 1
-0.1920323 -0.539898 1.758989 1
0.0649232 0.07930969 1.9731 1
0.09877971 -0.2436808 1.877169 1
0.08990793 -0.5198414 1.857968 1
0.09381992 -0.5573222 1.781773 1
-0.006044055 0.1930768 1.958128 1
-0.001306441 0.2575915 1.950554 1
0.0228597 0.5772541 1.913629 1
0.04014926 0.7323642 1.928228 1
-0.1584822 0.492757 1.915437 1
-0.3749499 0.5710339 1.911505 1
-0.5742643 0.6609377 1.834629 1
-0.5935078 0.6733088 1.823885 1
0.1903541 0.4802288 1.933636 1
0.4171122 0.5304296 1.940099 1
0.5948226 0.5699571 1.929476 1
0.6677155 0.6027776 1.928802 1
-0.09144062 0.1176489 1.95672 1
-0.1619531 -0.2261501 1.87418 1
-0.1913926 -0.5028414 1.843329 1
-0.1875255 -0.5398239 1.766856 1
0.06770347 0.1134599 1.973168 1
0.09107397 -0.2343511 1.89141 1
0.08606578 -0.5155749 1.872136 1
0.08993296 -0.5525574 1.795664 1
-0.004845944 0.2081892 1.958844 1
-2.390554E-05 0.2742818 1.951385 1
0.02448519 0.6058103 1.916804 1
0.04255564 0.7593372 1.922224 1
-0.1559281 0.5185981 1.921688 1
-0.3648349 0.5861759 1.920197 1
-0.5254253 0.6731007 1.863832 1
-0.587429 0.7002009 1.821236 1
0.1829644 0.4998644 1.934278 1
0.4079086 0.5537122 1.943379 1
0.5771296 0.6208422 1.935132 1
0.6470234 0.6596773 1.934961 1
-0.08837526 0.1373147 1.956502 1
-0.1596681 -0.2212043 1.883587 1
-0.1893141 -0.5043476 1.853046 1
-0.186617 -0.540913 1.776294 1
0.0677698 0.1293358 1.973469 1
0.08680063 -0.2227339 1.911538 1
0.08232573 -0.5136999 1.89329 1
0.08502285 -0.5502654 1.816538 1
-0.005173794 0.2155459 1.960914 1
-0.0003218623 0.2825727 1.953219 1
0.02424234 0.6177199 1.918037 1
0.04450992 0.770366 1.920311 1
-0.1533776 0.5299337 1.923758 1
-0.3754189 0.6348637 1.920703 1
-0.5404702 0.694095 1.85911 1
-0.5840806 0.7245396 1.833321 1
0.176365 0.5098087 1.932759 1
0.4083269 0.5832112 1.948231 1
0.5805937 0.6424501 1.934116 1
0.646682 0.6873596 1.937385 1
-0.08729569 0.1467111 1.958316 1
-0.1604869 -0.208459 1.891919 1
-0.1883664 -0.5041478 1.860134 1
-0.1864265 -0.5407451 1.783348 1
0.06603529 0.1388749 1.9761 1
0.08801115 -0.2193452 1.925647 1
0.0860237 -0.5208563 1.914308 1
0.08796362 -0.5574536 1.837522 1
-0.005529021 0.2196271 1.963941 1
-0.0007580062 0.2877481 1.955991 1
0.02310171 0.6305031 1.920063 1
0.04827109 0.7809935 1.916268 1
-0.1493786 0.5349759 1.924267 1
-0.3736427 0.6355101 1.92047 1
-0.5367385 0.7006717 1.859529 1
-0.5542633 0.7142829 1.842246 1
0.1711949 0.5168326 1.931573 1
0.4041955 0.5878038 1.9461 1
0.5753301 0.650514 1.932893 1
0.6425386 0.6940303 1.933825 1
-0.08558022 0.153333 1.96211 1
-0.1634774 -0.2050869 1.896267 1
-0.1890945 -0.5047894 1.864559 1
-0.1874618 -0.5414165 1.787756 1
0.0640915 0.1450635 1.979484 1
0.09093973 -0.2128297 1.938223 1
0.09382667 -0.5161788 1.946673 1
0.09545941 -0.5528059 1.86987 1
-0.005725476 0.2225344 1.967649 1
-0.0009880143 0.2899801 1.958353 1
0.02298463 0.6305648 1.919996 1
0.04821138 0.7812076 1.9166 1
-0.148004 0.5368801 1.925084 1
-0.3740402 0.6342657 1.918379 1
-0.5375572 0.698663 1.857463 1
-0.5599149 0.7112603 1.832356 1
0.1708866 0.517514 1.931315 1
0.4045761 0.5874102 1.944465 1
0.5756301 0.6506131 1.930639 1
0.6449652 0.6904109 1.935318 1
-0.08491358 0.157201 1.967418 1
-0.1700523 -0.1968855 1.901698 1
-0.1891989 -0.5014411 1.867044 1
-0.1878754 -0.5384794 1.79041 1
0.06346369 0.1476964 1.98287 1
0.09765203 -0.205998 1.942889 1
0.09429377 -0.5100759 1.946483 1
0.09561721 -0.5471142 1.869849 1
-0.004607729 0.2216587 1.971677 1
-6.693512E-05 0.2886035 1.961189 1
0.02379138 0.6216832 1.918771 1
0.04554556 0.7740848 1.920079 1
-0.1437322 0.5307354 1.923576 1
-0.3694885 0.5785685 1.914338 1
-0.5414168 0.6505356 1.835036 1
-0.5984741 0.6839944 1.789865 1
0.1719029 0.5173457 1.930547 1
0.3981805 0.5426886 1.923505 1
0.5707859 0.6016104 1.908924 1
0.6426892 0.6367385 1.9123 1
-0.08297805 0.1554795 1.972921 1
-0.1804799 -0.1885287 1.90017 1
-0.1897526 -0.4939334 1.868647 1
-0.1881801 -0.531626 1.792306 1
0.06423822 0.14723 1.987802 1
0.1073679 -0.1901571 1.943618 1
0.09762462 -0.4945395 1.945551 1
0.09919715 -0.5322322 1.869211 1
-0.003139578 0.2090249 1.980075 1
0.001805922 0.2716964 1.968472 1
0.02781772 0.5700879 1.912258 1
0.03794274 0.7267265 1.931201 1
-0.1419227 0.5074452 1.918307 1
-0.3826032 0.530358 1.903256 1
-0.5463533 0.5838321 1.830903 1
-0.6204267 0.6484122 1.770394 1
0.1795858 0.4989144 1.923573 1
0.4087771 0.4970342 1.913722 1
0.5878927 0.5408406 1.893536 1
0.6459884 0.5525218 1.893127 1
-0.08261928 0.138116 1.987018 1
-0.1846452 -0.1879729 1.897196 1
-0.1921431 -0.4937696 1.869665 1
-0.1909936 -0.5337257 1.794448 1
0.06580845 0.1339901 1.997023 1
0.1114274 -0.1899987 1.943123 1
0.1015201 -0.4946825 1.944646 1
0.1026696 -0.5346386 1.869429 1
-0.004901617 0.1600556 1.992915 1
-0.0006718697 0.2214794 1.977219 1
0.0214855 0.5326064 1.907567 1
0.03714471 0.7107211 1.926697 1
-0.1392194 0.4536062 1.90487 1
-0.3727289 0.4552453 1.89699 1
-0.5426469 0.4898573 1.827936 1
-0.5977641 0.5009412 1.809161 1
0.1812953 0.4395858 1.912651 1
0.3986775 0.4237701 1.909872 1
0.5801771 0.4411946 1.890212 1
0.6582581 0.455941 1.87941 1
-0.08333753 0.09365977 1.998195 1
-0.1947477 -0.1976114 1.888268 1
-0.1949808 -0.5036861 1.86913 1
-0.1936112 -0.5455023 1.794915 1
0.06370255 0.08629551 2.015705 1
0.119391 -0.2111734 1.937557 1
0.1118811 -0.5167615 1.929853 1
0.1132507 -0.5585777 1.855638 1
-0.003455048 0.1191175 1.9975 1
0.001467121 0.1799361 1.979761 1
0.0262847 0.4796498 1.899152 1
0.04092935 0.6565946 1.911663 1
-0.1372215 0.4108085 1.898962 1
-0.3455132 0.3851126 1.887975 1
-0.5215802 0.3890691 1.828125 1
-0.569857 0.357794 1.813835 1
0.1731627 0.3909595 1.890951 1
0.3468971 0.3494916 1.904151 1
0.5310294 0.3282856 1.881849 1
0.5878131 0.3418619 1.871638 1
-0.07774279 0.05160956 2.006874 1
-0.1996119 -0.2096209 1.8819 1
-0.2060923 -0.4904218 1.857981 1
-0.2087135 -0.5338752 1.784836 1
0.06032571 0.05203499 2.019928 1
0.1311691 -0.2393883 1.931149 1
0.1171574 -0.5449373 1.922017 1
0.1204093 -0.5949707 1.974178 1
-0.007310964 0.06797116 2.004011 1
-0.002593914 0.1300205 1.984711 1
0.02173767 0.4461797 1.897968 1
0.03920869 0.6084464 1.901545 1
-0.135825 0.3553096 1.891927 1
-0.3317358 0.3000794 1.873493 1
-0.5037305 0.2537265 1.821853 1
-0.5599748 0.2431844 1.80664 1
0.1634646 0.3316737 1.884618 1
0.3784684 0.2649968 1.892341 1
0.5540658 0.2198858 1.859732 1
0.6111187 0.2117249 1.846154 1
-0.07990031 0.007061069 2.014211 1
-0.202922 -0.2460194 1.873485 1
-0.2109701 -0.4900143 1.847989 1
-0.2137818 -0.5338169 1.775175 1
0.05545895 -8.392632E-05 2.026724 1
0.1492712 -0.2790004 1.919093 1
0.1126379 -0.5187577 1.921197 1
0.1098261 -0.5625603 1.848383 1
-0.009285587 0.04145951 2.002274 1
-0.004672596 0.1029568 1.982871 1
0.01785735 0.4040513 1.895598 1
0.03653895 0.5833368 1.898531 1
-0.1382461 0.3208299 1.89027 1
-0.3313314 0.2244693 1.863746 1
-0.4925075 0.146302 1.816931 1
-0.5412173 0.1157992 1.80279 1
0.1652886 0.2936611 1.889711 1
0.3543448 0.1960683 1.881427 1
0.5155169 0.1124892 1.85123 1
0.5581813 0.08274145 1.83799 1
-0.08279375 -0.02253206 2.012582 1
-0.2020913 -0.2746928 1.867045 1
-0.2068926 -0.5094783 1.842488 1
-0.2083881 -0.5538741 1.770023 1
0.05405429 -0.03022012 2.025535 1
0.1570578 -0.3002287 1.903422 1
0.1139522 -0.5190637 1.91231 1
0.1124567 -0.5634595 1.839845 1
-0.01402125 0.01382627 2.0014 1
-0.00983351 0.07427893 1.982038 1
0.01176637 0.3778927 1.895767 1
0.03198311 0.5515677 1.898104 1
-0.145565 0.2901224 1.888595 1
-0.3391566 0.140154 1.857141 1
-0.4739651 0.02130324 1.813244 1
-0.5049965 -0.004841447 1.801719 1
0.1678455 0.2520543 1.902662 1
0.3459273 0.1258403 1.879901 1
0.4929369 0.01989441 1.84609 1
0.5530946 -0.03009553 1.828835 1
-0.08964102 -0.05182727 2.012784 1
-0.2012641 -0.3011852 1.856276 1
-0.2117955 -0.5270837 1.834109 1
-0.2106049 -0.571436 1.761588 1
0.05153388 -0.06057114 2.024971 1
0.1678809 -0.3203767 1.892654 1
0.1387482 -0.5444368 1.878317 1
0.1003785 -0.5793242 1.928642 1
-0.0165462 -0.005626753 2.000419 1
-0.0122058 0.05608078 1.981702 1
0.009710791 0.3624777 1.898698 1
0.0285079 0.5375001 1.899768 1
-0.152438 0.2613878 1.885999 1
-0.3260662 0.09036564 1.860999 1
-0.4504113 -0.03979958 1.818509 1
-0.4854908 -0.07414925 1.814052 1
0.1661462 0.2394418 1.911707 1
0.3243917 0.08500388 1.889559 1
0.4616568 -0.03228892 1.850473 1
0.524305 -0.07840736 1.831234 1
-0.09366474 -0.07183222 2.010855 1
-0.2039057 -0.315806 1.844257 1
-0.2171362 -0.5416226 1.816869 1
-0.1884256 -0.5972701 1.852983 1
0.05045764 -0.08030289 2.023749 1
0.1741596 -0.3330573 1.883769 1
0.1499408 -0.5578901 1.866416 1
0.154626 -0.6018004 1.793739 1
-0.01704757 -0.01288367 2.000068 1
-0.01327695 0.04840071 1.981559 1
0.005284359 0.3529549 1.900458 1
0.02176303 0.5286903 1.902515 1
-0.1556352 0.2531461 1.887664 1
-0.3252241 0.08456086 1.863869 1
-0.4482624 -0.04651535 1.819721 1
-0.4865301 -0.08849631 1.815007 1
0.161436 0.2321695 1.92027 1
0.3227418 0.07600091 1.894771 1
0.4393901 -0.06309921 1.862967 1
0.5003906 -0.1140059 1.851862 1
-0.09391567 -0.0815116 2.008219 1
-0.2025163 -0.3201046 1.832181 1
-0.2193306 -0.5457847 1.80819 1
-0.1657131 -0.5815763 1.840935 1
0.05083476 -0.08554752 2.024661 1
0.1745754 -0.3371596 1.882296 1
0.1389538 -0.5367491 1.883911 1
0.1452472 -0.5805006 1.811231 1
-0.01704105 -0.01303138 2.000054 1
-0.0133412 0.04827844 1.98161 1
0.00361326 0.3541325 1.904038 1
0.01530642 0.5281816 1.905732 1
-0.1583801 0.25189 1.891232 1
-0.3260362 0.08479918 1.870421 1
-0.4482064 -0.04556591 1.820292 1
-0.4857306 -0.08404998 1.816555 1
0.1577444 0.2363646 1.929687 1
0.3217785 0.07472841 1.900266 1
0.4417608 -0.0616854 1.869231 1
0.5045446 -0.1108096 1.859651 1
-0.09398773 -0.08199129 2.007779 1
-0.2012019 -0.318008 1.827546 1
-0.2194647 -0.5436205 1.800457 1
-0.1609493 -0.5741243 1.830053 1
0.05112441 -0.08567932 2.024613 1
0.174326 -0.3374963 1.88263 1
0.1412701 -0.5381423 1.882281 1
0.1492123 -0.5814579 1.80948 1
-0.01766952 -0.006406059 1.999313 1
-0.01478856 0.05552264 1.982228 1
-0.003907511 0.3680743 1.914932 1
0.007410816 0.5428412 1.918348 1
-0.1687746 0.2678587 1.90697 1
-0.3393337 0.1047789 1.883288 1
-0.4796615 -0.004594713 1.829594 1
-0.503042 -0.02136223 1.822815 1
0.1573036 0.2533081 1.944533 1
0.322948 0.09782714 1.915642 1
0.4699185 -0.01047378 1.896581 1
0.5273814 -0.05119587 1.889748 1
-0.095139 -0.07749655 2.006516 1
-0.198208 -0.3152267 1.826437 1
-0.2158297 -0.5409316 1.798632 1
-0.1619681 -0.5769266 1.830804 1
0.05292976 -0.07989943 2.02216 1
0.1731168 -0.3353508 1.884972 1
0.1596347 -0.5612891 1.867218 1
0.1674198 -0.6029696 1.793439 1
-0.01836362 0.02292523 1.998413 1
-0.01621407 0.08670802 1.985012 1
-0.006234781 0.4068982 1.9347 1
0.007576282 0.580651 1.939813 1
-0.1747537 0.2985326 1.921965 1
-0.3575667 0.1636754 1.896979 1
-0.499935 0.06125534 1.833539 1
-0.5226144 0.04591611 1.825686 1
0.1561867 0.2845092 1.956987 1
0.3329487 0.1556665 1.9347 1
0.4980635 0.04963329 1.905657 1
0.5467216 0.01150275 1.904081 1
-0.09694771 -0.05121215 2.002271 1
-0.1911869 -0.3014838 1.836066 1
-0.1954641 -0.5277246 1.812173 1
-0.1880005 -0.5667927 1.737049 1
0.05495108 -0.05311122 2.017034 1
0.1662078 -0.3191577 1.894942 1
0.1467287 -0.5444736 1.878523 1
0.1541923 -0.5835418 1.803399 1
-0.01751106 0.09405803 2.002334 1
-0.01524002 0.1594903 1.993887 1
-0.00367543 0.4864858 1.964165 1
0.004303681 0.6610851 1.971887 1
-0.1805035 0.3829034 1.94783 1
-0.3636675 0.2940955 1.916561 1
-0.5258397 0.2248431 1.856584 1
-0.5739268 0.201268 1.831073 1
0.1531009 0.3641053 1.978366 1
0.3445844 0.2683933 1.960373 1
0.5288039 0.1906663 1.938386 1
0.5842733 0.1706073 1.932083 1
-0.09662766 0.0198016 1.998827 1
-0.1693055 -0.2687586 1.882018 1
-0.1851612 -0.511411 1.844911 1
-0.1784581 -0.5475918 1.768297 1
0.05628106 0.01729326 2.015838 1
0.1298234 -0.2744808 1.935634 1
0.1133895 -0.5077703 1.915439 1
0.1200926 -0.5439511 1.838824 1
-0.01543327 0.1147836 2.002395 1
-0.01395261 0.181527 1.995421 1
-0.007353795 0.5177621 1.975381 1
0.004656101 0.6910117 1.985362 1
-0.1822977 0.4134852 1.954644 1
-0.3610098 0.3523697 1.926366 1
-0.528486 0.3021154 1.861295 1
-0.6025985 0.2925182 1.831804 1
0.1507215 0.4036715 1.986403 1
0.356108 0.3227663 1.973765 1
0.5363173 0.2692331 1.954578 1
0.5930343 0.2558933 1.943115 1
-0.09364562 0.03911876 1.996646 1
-0.1645602 -0.2682413 1.893482 1
-0.1785122 -0.5242781 1.882692 1
-0.1995897 -0.5746948 1.835421 1
0.05942772 0.03958478 2.014735 1
0.1175193 -0.2707719 1.944626 1
0.1048537 -0.5186414 1.934189 1
0.11209 -0.5535697 1.857031 1
-0.01269337 0.1425335 2.001415 1
-0.010951 0.2105686 1.996721 1
-0.002044223 0.5516838 1.988191 1
0.003578675 0.7239929 1.996576 1
-0.1776824 0.4503162 1.962277 1
-0.3880521 0.4078905 1.928785 1
-0.5582114 0.3792535 1.8567 1
-0.6352082 0.3731822 1.821395 1
0.1550182 0.4342016 1.994859 1
0.3437934 0.3794245 1.987948 1
0.5648393 0.3216255 1.971283 1
0.623387 0.3277733 1.963528 1
-0.09172027 0.06767558 1.99304 1
-0.1548077 -0.2684941 1.915006 1
-0.1786618 -0.5277141 1.891654 1
-0.1711254 -0.5612711 1.814016 1
0.06254306 0.06668579 2.011017 1
0.0980881 -0.267056 1.963171 1
0.09582613 -0.5272453 1.947735 1
0.08774769 -0.5918543 1.982161 1
-0.01273726 0.1637188 1.999196 1
-0.01148997 0.2315936 1.996623 1
-0.004664223 0.5721005 1.993628 1
0.0009002914 0.7345959 2.002318 1
-0.1786369 0.473249 1.968347 1
-0.3835909 0.4417158 1.933274 1
-0.586743 0.4476094 1.842382 1
-0.6586819 0.4546762 1.812816 1
0.1540391 0.4729005 2.00354 1
0.3533121 0.4148858 1.996029 1
0.5615583 0.3887606 1.981414 1
0.6205938 0.3868383 1.975481 1
-0.0907814 0.08829727 1.989095 1
-0.1503161 -0.2711297 1.930644 1
-0.1779788 -0.5276533 1.893851 1
-0.1698153 -0.5604799 1.815948 1
0.06236205 0.08870207 2.00707 1
0.07932452 -0.2551827 1.988994 1
0.07810449 -0.5356913 1.981798 1
0.08626804 -0.568518 1.903896 1
-0.012151 0.1769836 1.997598 1
-0.0106918 0.2450664 1.997427 1
-0.001923225 0.5872663 1.999052 1
-0.0002622965 0.7426512 2.008044 1
-0.1768546 0.4894968 1.974173 1
-0.3950349 0.475746 1.937611 1
-0.587887 0.5068861 1.840516 1
-0.6444036 0.5140475 1.808205 1
0.1547446 0.4811076 2.005289 1
0.3404317 0.4420367 2.001945 1
0.5710304 0.446651 1.988226 1
0.6301067 0.4462619 1.982774 1
-0.09047249 0.103725 1.9863 1
-0.1423161 -0.2653587 1.944013 1
-0.1773205 -0.528816 1.910131 1
-0.1933607 -0.587329 1.870991 1
0.06254447 0.1009054 2.004064 1
0.07279705 -0.2627373 2.004168 1
0.07747282 -0.5369018 1.988184 1
0.08483934 -0.5691037 1.909929 1
-0.01278051 0.1889127 1.996353 1
-0.01148992 0.2570372 1.999532 1
-0.002782587 0.6009547 2.006421 1
0.0004273392 0.7561293 2.015498 1
-0.1769731 0.5000278 1.980147 1
-0.4030031 0.5064659 1.952382 1
-0.5581539 0.5534324 1.856146 1
-0.6401322 0.5792809 1.800667 1
0.1574706 0.4919499 2.00926 1
0.3451755 0.4635876 2.011413 1
0.5726995 0.4696539 2.000635 1
0.6316633 0.4694969 1.993785 1
-0.09145391 0.1152159 1.984246 1
-0.1403169 -0.2658625 1.950694 1
-0.1715549 -0.5330055 1.921131 1
-0.1897899 -0.5845873 1.873996 1
0.06226084 0.1111537 2.000865 1
0.06887945 -0.2654313 2.010977 1
0.07674847 -0.5369325 1.994305 1
0.07716644 -0.6006943 1.960405 1
-0.01303068 0.1913517 1.995932 1
-0.01184275 0.2594783 2.00175 1
-0.002964753 0.6045634 2.009502 1
-0.002078461 0.7601588 2.021384 1
-0.1776677 0.5046925 1.985011 1
-0.4030682 0.5124965 1.951289 1
-0.555872 0.5812896 1.849698 1
-0.6232762 0.6215671 1.798996 1
0.1579962 0.4946574 2.010237 1
0.3869576 0.4923475 2.02511 1
0.5695682 0.4915392 2.01046 1
0.6284843 0.4880891 2.004084 1
-0.09180362 0.1175286 1.983815 1
-0.138722 -0.2642471 1.955442 1
-0.1748656 -0.539206 1.933606 1
-0.1852159 -0.5820906 1.876423 1
0.06203753 0.1137819 1.999156 1
0.06835634 -0.2687266 2.015926 1
0.07493749 -0.5383852 1.996608 1
0.07643767 -0.6004264 1.959666 1
-0.01301313 0.1914748 1.995567 1
-0.01192858 0.2593744 2.003771 1
-0.003043198 0.6043379 2.01077 1
-0.002567016 0.7604812 2.027013 1
-0.1784 0.5049224 1.988091 1
-0.4027988 0.5151662 1.953427 1
-0.5529447 0.5848171 1.851007 1
-0.6147963 0.6277673 1.802923 1
0.1581409 0.4947006 2.010476 1
0.3869106 0.4917601 2.025806 1
0.5695126 0.4964854 2.014376 1
0.6287555 0.5001512 2.013315 1
-0.09174468 0.1176286 1.983154 1
-0.1410726 -0.2667742 1.958278 1
-0.1749066 -0.5392653 1.934715 1
-0.1849113 -0.5816098 1.877058 1
0.06205249 0.1138016 1.997895 1
0.06864916 -0.2729453 2.018514 1
0.07382013 -0.5423604 1.998117 1
0.07407501 -0.6025478 1.95818 1
-0.01363251 0.189458 1.994131 1
-0.01235391 0.2574769 2.005549 1
-0.003414551 0.6017563 2.014068 1
-0.004399196 0.759223 2.03169 1
-0.1815646 0.5034007 1.994651 1
-0.4012967 0.5081493 1.957202 1
-0.5424243 0.5829823 1.856335 1
-0.5908411 0.6210078 1.813836 1
0.1578404 0.4930772 2.010579 1
0.3859029 0.4844923 2.029022 1
0.5688148 0.4940022 2.016943 1
0.6440248 0.4991082 2.019243 1
-0.09230459 0.1154245 1.981747 1
-0.1418824 -0.2681629 1.959385 1
-0.1751658 -0.5392791 1.934404 1
-0.1859966 -0.5834804 1.878279 1
0.06078041 0.1101227 1.993217 1
0.0695826 -0.2774894 2.018487 1
0.07001318 -0.5444853 1.998567 1
0.07090218 -0.6057876 1.960326 1
-0.01525512 0.1772882 1.990209 1
-0.01363817 0.2458948 2.007042 1
-0.003303224 0.5928701 2.021432 1
-0.005900549 0.7581879 2.034165 1
-0.1831078 0.4956861 2.000011 1
-0.4071124 0.4599412 1.973547 1
-0.5270423 0.5509148 1.857787 1
-0.5697209 0.5794937 1.817807 1
0.1565068 0.4813417 2.011245 1
0.3601902 0.4492879 2.032849 1
0.5704388 0.4624129 2.023037 1
0.650644 0.4670857 2.020312 1
-0.09305634 0.1045618 1.977285 1
-0.1433133 -0.2731663 1.961014 1
-0.1762161 -0.5408311 1.936894 1
-0.1868696 -0.5842183 1.880075 1
0.05766123 0.09649613 1.985879 1
0.07229698 -0.2896777 2.01582 1
0.06075418 -0.555971 2.008183 1
0.07374778 -0.6057338 1.957397 1
-0.01494991 0.1639519 1.984819 1
-0.01346909 0.2325303 2.006972 1
-0.004156121 0.5837901 2.028089 1
-0.007281244 0.7562076 2.037814 1
-0.1838763 0.4787655 2.00647 1
-0.3908869 0.4150985 1.981031 1
-0.5134197 0.4906081 1.856221 1
-0.554167 0.5230598 1.818111 1
0.1543982 0.4712894 2.012788 1
0.3794418 0.4116763 2.037888 1
0.5677176 0.3930714 2.027496 1
0.6469247 0.4038484 2.018665 1
-0.09152879 0.09087255 1.971226 1
-0.1441779 -0.2825262 1.962732 1
-0.1763477 -0.5420506 1.939435 1
-0.1858335 -0.5852736 1.88225 1
0.05757682 0.08570774 1.977679 1
0.07216275 -0.2952943 2.012412 1
0.06222204 -0.5531052 2.002447 1
0.06987575 -0.6114213 1.960387 1
-0.01485897 0.1526915 1.979568 1
-0.01376851 0.221441 2.005997 1
-0.006031257 0.5787001 2.030675 1
-0.007683488 0.7540405 2.040223 1
-0.1808615 0.4615331 2.01026 1
-0.3587075 0.3725906 1.973977 1
-0.4980474 0.4213463 1.854043 1
-0.5329396 0.4427889 1.820597 1
0.1528659 0.4621875 2.015282 1
0.3719245 0.3846987 2.038646 1
0.542502 0.3193024 2.021692 1
0.6015559 0.3239235 2.0113 1
-0.09029384 0.08031711 1.964598 1
-0.1407647 -0.2902012 1.963535 1
-0.173896 -0.5394899 1.938461 1
-0.1835949 -0.5879403 1.885678 1
0.05765291 0.07698475 1.972108 1
0.07074814 -0.29811 2.008459 1
0.06650671 -0.5502335 1.999343 1
0.06754475 -0.6124647 1.96255 1
-0.01383783 0.1492822 1.976514 1
-0.01345693 0.2178294 2.006299 1
-0.00760832 0.577214 2.032047 1
-0.007659894 0.7527049 2.042562 1
-0.1795402 0.4548061 2.011311 1
-0.342604 0.3278448 1.984887 1
-0.4765203 0.315953 1.84886 1
-0.5336379 0.3372314 1.796438 1
0.1513151 0.4594302 2.018676 1
0.3476964 0.3312133 2.037973 1
0.5177289 0.2484109 2.009617 1
0.5713611 0.2288523 1.993125 1
-0.08807959 0.07642458 1.960812 1
-0.1402422 -0.2913802 1.963384 1
-0.1715991 -0.5381046 1.93802 1
-0.1761156 -0.5919991 1.89002 1
0.05875323 0.07490794 1.96816 1
0.06846986 -0.2959313 2.002366 1
0.06979774 -0.5482447 1.994384 1
0.06521123 -0.6136757 1.963941 1
-0.01395131 0.1478455 1.973488 1
-0.01386189 0.2162075 2.006582 1
-0.00776987 0.5775695 2.033327 1
-0.008862772 0.7533355 2.044635 1
-0.1771818 0.4520499 2.010222 1
-0.3133591 0.3006205 1.995118 1
-0.4351333 0.2437831 1.858988 1
-0.4906808 0.2280189 1.803049 1
0.1494234 0.4577161 2.021639 1
0.3291234 0.2956391 2.036256 1
0.4794179 0.1768305 1.990658 1
0.534258 0.1587448 1.976643 1
-0.08742585 0.07561843 1.955838 1
-0.1399738 -0.2911119 1.963176 1
-0.1693701 -0.5368639 1.937361 1
-0.1749846 -0.5928261 1.891904 1
0.05799846 0.07465781 1.965306 1
0.06835118 -0.2908484 1.994349 1
0.07166587 -0.544637 1.988482 1
0.07447326 -0.5725088 1.908148 1
-0.01394527 0.1467773 1.970528 1
-0.01440214 0.2148557 2.006533 1
-0.008355152 0.5782766 2.03474 1
-0.008854133 0.7537954 2.045774 1
-0.1749161 0.4501309 2.007853 1
-0.2914353 0.2787686 1.993339 1
-0.3896188 0.1716032 1.870236 1
-0.4311192 0.1291543 1.815947 1
0.14659 0.4570081 2.024267 1
0.2846277 0.2696167 2.036362 1
0.4027093 0.1353823 1.98599 1
0.4561494 0.09865143 1.966735 1
-0.08617599 0.07545597 1.950455 1
-0.1401067 -0.2902428 1.962341 1
-0.1684365 -0.536162 1.936622 1
-0.1750608 -0.5923248 1.89151 1
0.05733373 0.07480114 1.963136 1
0.06928498 -0.2872154 1.986791 1
0.07396653 -0.5393765 1.980512 1
0.07793433 -0.5670168 1.900117 1
