315 197 1927 1
314 183 1984 1
313 90 2033 1
316 33 2063 1
270 111 1999 1
251 177 1977 1
246 225 1887 1
239 240 1866 1
356 112 2024 1
373 178 1973 1
386 226 1894 1
390 233 1868 1
296 216 1896 1
279 325 1914 1
274 395 1902 1
270 418 1873 1
335 216 1917 1
340 321 1928 1
342 394 1927 1
345 409 1846 1
315 197 1927 1
314 183 1984 1
313 90 2033 1
316 33 2063 1
270 111 1998 1
250 179 1975 1
245 227 1890 1
239 243 1871 1
356 112 2024 1
373 178 1974 1
386 226 1894 1
391 233 1868 1
296 216 1896 1
279 325 1914 1
274 395 1902 1
269 418 1873 1
335 216 1917 1
340 321 1928 1
342 394 1927 1
345 409 1846 1
315 197 1927 1
314 183 1984 1
313 90 2034 1
316 33 2063 1
270 112 1998 1
249 179 1974 1
244 228 1893 1
238 244 1875 1
356 112 2024 1
373 178 1975 1
387 226 1895 1
391 232 1868 1
296 217 1896 1
279 325 1914 1
274 395 1902 1
270 418 1873 1
335 217 1917 1
340 321 1928 1
342 394 1927 1
345 409 1846 1
315 198 1927 1
314 184 1984 1
313 90 2034 1
316 33 2064 1
270 112 1998 1
249 180 1972 1
243 229 1895 1
237 245 1877 1
356 112 2024 1
373 179 1975 1
388 226 1896 1
392 232 1869 1
296 217 1896 1
279 325 1914 1
274 395 1902 1
270 418 1874 1
335 217 1917 1
340 321 1928 1
342 394 1927 1
345 409 1846 1
315 198 1926 1
314 184 1984 1
312 78 2052 1
316 29 2063 1
271 113 1998 1
248 180 1972 1
242 229 1897 1
237 246 1878 1
356 112 2024 1
373 179 1975 1
388 226 1897 1
393 232 1871 1
296 217 1897 1
279 325 1914 1
274 395 1902 1
269 418 1874 1
335 217 1916 1
340 321 1928 1
342 394 1927 1
345 409 1846 1
315 198 1926 1
314 184 1985 1
312 78 2052 1
316 30 2064 1
270 113 1998 1
248 180 1971 1
242 230 1897 1
237 246 1878 1
356 112 2024 1
373 179 1976 1
390 226 1898 1
394 233 1872 1
296 218 1897 1
279 326 1915 1
274 395 1902 1
269 418 1874 1
335 217 1916 1
340 321 1928 1
342 394 1927 1
345 409 1846 1
315 199 1926 1
314 184 1985 1
312 78 2052 1
316 30 2064 1
270 113 1998 1
247 180 1971 1
242 230 1897 1
237 246 1878 1
356 113 2025 1
374 179 1976 1
392 226 1899 1
394 233 1874 1
295 218 1897 1
279 326 1915 1
274 395 1902 1
269 418 1874 1
335 217 1915 1
340 321 1928 1
342 394 1927 1
345 409 1846 1
315 199 1926 1
314 184 1985 1
312 91 2039 1
316 34 2065 1
270 114 1998 1
247 180 1971 1
242 230 1896 1
237 246 1876 1
356 113 2025 1
374 179 1977 1
393 226 1901 1
394 233 1875 1
295 218 1897 1
279 326 1915 1
274 395 1902 1
269 418 1874 1
335 218 1915 1
340 321 1928 1
342 394 1927 1
345 409 1846 1
315 199 1926 1
314 184 1986 1
312 79 2053 1
316 30 2065 1
270 114 1999 1
247 180 1971 1
243 230 1893 1
237 246 1874 1
356 113 2027 1
374 179 1978 1
393 226 1902 1
395 233 1879 1
295 218 1897 1
279 326 1915 1
274 396 1902 1
269 418 1873 1
335 218 1916 1
340 321 1928 1
342 394 1927 1
345 409 1846 1
315 199 1926 1
314 184 1986 1
312 79 2053 1
316 30 2065 1
270 114 1999 1
247 181 1970 1
243 230 1890 1
238 246 1871 1
356 113 2027 1
373 179 1979 1
392 226 1904 1
395 233 1881 1
295 218 1897 1
279 327 1916 1
274 396 1902 1
269 418 1874 1
335 218 1915 1
340 321 1928 1
342 394 1927 1
345 409 1846 1
315 199 1927 1
314 185 1986 1
312 91 2041 1
315 33 2065 1
270 114 1999 1
248 181 1969 1
244 230 1885 1
238 246 1864 1
356 113 2028 1
373 180 1980 1
392 226 1907 1
395 234 1883 1
295 218 1897 1
279 327 1916 1
274 396 1902 1
269 418 1874 1
335 218 1916 1
340 321 1928 1
342 394 1927 1
345 409 1846 1
315 199 1927 1
314 184 1986 1
311 79 2055 1
315 31 2065 1
270 114 1999 1
250 179 1975 1
245 227 1887 1
239 242 1867 1
355 113 2028 1
373 180 1981 1
391 227 1910 1
395 234 1886 1
295 219 1897 1
279 327 1916 1
274 396 1902 1
269 418 1874 1
335 218 1916 1
340 322 1928 1
342 394 1927 1
345 409 1846 1
315 199 1927 1
313 185 1986 1
311 92 2038 1
315 34 2066 1
270 115 1999 1
250 180 1973 1
246 228 1884 1
240 243 1860 1
355 113 2029 1
373 180 1982 1
390 227 1911 1
395 234 1887 1
295 219 1898 1
279 327 1916 1
274 396 1902 1
274 411 1821 1
335 218 1916 1
340 322 1928 1
342 394 1927 1
345 409 1846 1
315 200 1927 1
313 185 1987 1
311 79 2054 1
314 31 2065 1
270 115 1999 1
250 180 1972 1
246 228 1882 1
240 244 1860 1
355 113 2029 1
373 180 1982 1
390 227 1912 1
395 234 1887 1
295 219 1898 1
279 327 1916 1
274 396 1902 1
274 411 1821 1
335 218 1916 1
340 322 1929 1
342 394 1927 1
345 409 1846 1
314 200 1927 1
313 185 1987 1
311 79 2054 1
314 31 2065 1
270 114 2003 1
250 180 1971 1
246 228 1881 1
240 244 1860 1
355 113 2029 1
373 180 1983 1
390 227 1912 1
395 234 1888 1
295 219 1898 1
279 327 1916 1
274 396 1902 1
274 411 1821 1
334 218 1916 1
340 322 1929 1
342 394 1927 1
345 409 1846 1
314 200 1927 1
313 185 1987 1
311 79 2054 1
314 31 2065 1
270 114 2002 1
250 181 1970 1
246 229 1880 1
240 245 1858 1
355 113 2029 1
373 180 1983 1
389 227 1912 1
395 234 1888 1
295 219 1898 1
279 327 1916 1
274 396 1902 1
269 418 1875 1
334 218 1916 1
340 322 1929 1
342 394 1927 1
345 409 1846 1
314 200 1927 1
313 185 1987 1
311 79 2054 1
314 31 2065 1
270 114 2002 1
250 181 1970 1
246 229 1880 1
240 245 1858 1
355 113 2029 1
373 180 1983 1
389 227 1913 1
395 234 1888 1
295 219 1898 1
279 327 1916 1
274 396 1901 1
269 418 1875 1
334 218 1915 1
340 322 1929 1
342 394 1927 1
345 409 1846 1
314 200 1927 1
313 185 1987 1
311 79 2054 1
314 31 2064 1
270 114 2002 1
250 181 1970 1
246 229 1881 1
239 245 1860 1
355 113 2029 1
373 180 1984 1
389 227 1913 1
395 234 1888 1
295 219 1898 1
279 327 1915 1
274 396 1900 1
274 411 1819 1
334 218 1916 1
340 322 1929 1
342 394 1927 1
345 409 1846 1
314 200 1927 1
313 184 1988 1
311 79 2053 1
313 31 2064 1
269 112 2007 1
250 180 1970 1
245 228 1885 1
239 244 1865 1
355 113 2029 1
373 180 1984 1
390 227 1912 1
395 234 1888 1
294 219 1899 1
278 327 1911 1
274 398 1896 1
273 412 1815 1
334 218 1916 1
340 323 1928 1
342 394 1927 1
345 409 1846 1
314 199 1928 1
313 184 1989 1
311 78 2052 1
313 30 2062 1
268 112 2007 1
250 179 1971 1
245 227 1887 1
238 243 1868 1
355 113 2029 1
373 179 1984 1
390 226 1911 1
395 233 1888 1
294 219 1900 1
278 328 1904 1
272 400 1887 1
271 415 1806 1
334 218 1916 1
341 325 1927 1
343 395 1927 1
346 409 1846 1
314 198 1930 1
312 182 1991 1
311 77 2051 1
313 29 2060 1
268 111 2006 1
250 179 1972 1
245 227 1889 1
237 243 1872 1
355 111 2030 1
373 174 1991 1
388 221 1917 1
394 233 1888 1
293 218 1902 1
276 329 1895 1
270 402 1879 1
269 418 1798 1
334 218 1919 1
342 325 1924 1
344 396 1926 1
347 410 1845 1
313 198 1933 1
312 181 1993 1
311 76 2048 1
312 28 2058 1
268 110 2004 1
249 178 1974 1
245 226 1892 1
236 241 1875 1
355 110 2029 1
373 173 1994 1
388 220 1919 1
392 231 1888 1
293 217 1906 1
272 327 1879 1
267 404 1872 1
266 420 1791 1
334 217 1923 1
344 325 1919 1
346 395 1920 1
349 410 1839 1
313 196 1939 1
312 180 1996 1
312 74 2042 1
312 28 2054 1
268 109 2002 1
249 177 1975 1
245 226 1893 1
233 238 1878 1
355 108 2028 1
374 172 1997 1
387 219 1920 1
392 232 1885 1
292 216 1914 1
267 324 1869 1
261 403 1861 1
261 418 1780 1
334 216 1930 1
351 320 1908 1
349 394 1910 1
352 409 1829 1
313 196 1944 1
312 180 1999 1
312 74 2036 1
312 27 2050 1
268 109 1999 1
249 177 1976 1
245 225 1894 1
231 237 1880 1
356 108 2026 1
377 169 1999 1
386 218 1919 1
389 231 1883 1
291 216 1922 1
255 314 1851 1
255 398 1844 1
254 413 1763 1
334 216 1936 1
361 311 1899 1
350 393 1900 1
353 408 1819 1
313 197 1948 1
312 180 2002 1
312 76 2027 1
312 28 2042 1
267 110 1993 1
248 178 1976 1
243 227 1896 1
231 239 1874 1
356 109 2019 1
379 172 1995 1
385 221 1914 1
387 235 1877 1
291 217 1929 1
255 313 1849 1
248 395 1832 1
247 410 1751 1
334 217 1942 1
364 310 1897 1
351 392 1893 1
355 407 1812 1
312 200 1953 1
311 183 2005 1
312 82 2016 1
313 32 2030 1
266 114 1984 1
245 182 1974 1
242 231 1894 1
233 245 1869 1
357 113 2008 1
381 175 1991 1
385 227 1907 1
385 240 1872 1
290 221 1935 1
254 313 1847 1
244 392 1820 1
252 411 1837 1
333 221 1948 1
365 310 1896 1
355 389 1881 1
358 405 1801 1
312 206 1955 1
311 189 2007 1
313 88 2009 1
313 38 2019 1
265 119 1980 1
241 186 1969 1
239 236 1891 1
233 251 1865 1
361 123 2002 1
382 182 1981 1
387 240 1896 1
384 255 1864 1
289 228 1938 1
254 318 1840 1
244 393 1820 1
251 412 1837 1
334 228 1951 1
366 315 1892 1
356 393 1882 1
359 409 1802 1
312 211 1957 1
311 194 2007 1
313 91 2006 1
313 42 2012 1
265 125 1979 1
240 187 1963 1
235 246 1886 1
226 260 1864 1
362 127 2002 1
381 194 1965 1
388 245 1892 1
388 261 1866 1
289 234 1940 1
262 331 1824 1
254 407 1837 1
253 424 1757 1
335 233 1954 1
359 328 1876 1
355 396 1881 1
359 412 1801 1
313 215 1956 1
312 197 2005 1
312 94 2000 1
313 44 2006 1
265 128 1978 1
241 190 1954 1
235 245 1885 1
228 261 1866 1
361 129 2001 1
379 196 1964 1
386 247 1895 1
388 262 1866 1
289 237 1938 1
273 349 1823 1
256 414 1840 1
255 431 1760 1
336 236 1954 1
350 341 1850 1
351 406 1878 1
355 422 1799 1
313 217 1953 1
312 199 2003 1
312 95 1997 1
313 45 2003 1
265 128 1976 1
245 194 1950 1
235 245 1884 1
229 261 1866 1
360 130 1999 1
374 198 1963 1
387 248 1895 1
388 258 1872 1
290 239 1936 1
283 360 1830 1
272 426 1849 1
288 409 1865 1
336 239 1953 1
340 354 1840 1
348 418 1872 1
331 415 1833 1
313 218 1953 1
312 199 2002 1
312 95 1994 1
314 46 2000 1
265 129 1973 1
247 195 1950 1
237 246 1880 1
231 260 1864 1
359 130 1996 1
372 198 1964 1
385 248 1899 1
387 259 1871 1
291 239 1935 1
291 357 1841 1
275 423 1849 1
286 404 1845 1
336 239 1953 1
333 352 1840 1
337 419 1855 1
331 405 1817 1
313 218 1953 1
312 199 2002 1
312 95 1992 1
314 46 1996 1
265 128 1970 1
249 196 1950 1
241 247 1879 1
237 259 1853 1
358 130 1995 1
372 198 1965 1
380 249 1904 1
383 259 1873 1
291 239 1935 1
292 358 1847 1
276 424 1854 1
283 406 1830 1
336 239 1954 1
336 354 1859 1
334 421 1863 1
333 404 1833 1
314 217 1957 1
312 199 2004 1
312 94 1988 1
314 44 1991 1
264 127 1967 1
250 197 1950 1
248 247 1872 1
240 262 1844 1
358 129 1994 1
371 198 1968 1
377 249 1908 1
381 258 1875 1
291 238 1941 1
281 352 1864 1
278 421 1856 1
281 408 1809 1
336 238 1963 1
342 352 1888 1
336 418 1901 1
338 402 1865 1
314 212 1975 1
312 194 2014 1
312 92 1984 1
314 42 1986 1
265 125 1964 1
251 196 1950 1
248 245 1862 1
244 261 1837 1
358 127 1993 1
371 196 1970 1
375 248 1908 1
382 259 1864 1
291 233 1963 1
269 329 1863 1
271 408 1861 1
271 426 1783 1
336 233 1984 1
352 327 1912 1
342 401 1908 1
345 418 1938 1
314 209 1982 1
312 191 2017 1
312 91 1981 1
314 40 1982 1
265 123 1963 1
251 194 1952 1
248 241 1848 1
246 254 1806 1
358 125 1991 1
372 195 1973 1
372 248 1940 1
380 252 1881 1
291 231 1973 1
259 315 1876 1
255 396 1854 1
265 417 1864 1
336 230 1991 1
365 315 1931 1
347 397 1931 1
354 411 1968 1
313 209 1986 1
312 190 2017 1
312 90 1980 1
314 39 1979 1
265 121 1962 1
252 192 1953 1
246 236 1833 1
246 244 1818 1
358 124 1990 1
373 194 1973 1
386 245 1902 1
379 253 1859 1
291 229 1978 1
254 311 1887 1
251 393 1861 1
250 410 1783 1
335 229 1995 1
371 311 1944 1
354 390 1942 1
358 406 1864 1
313 208 1988 1
312 190 2016 1
312 90 1980 1
314 39 1978 1
265 121 1962 1
252 192 1952 1
244 235 1829 1
245 242 1812 1
358 124 1990 1
376 192 1973 1
394 239 1892 1
387 249 1876 1
291 229 1981 1
250 309 1898 1
243 385 1875 1
255 412 1872 1
335 229 1996 1
374 310 1952 1
356 390 1948 1
359 407 1871 1
313 209 1989 1
312 190 2014 1
313 90 1982 1
314 39 1978 1
265 121 1962 1
252 192 1952 1
243 233 1824 1
244 241 1805 1
358 124 1990 1
378 190 1973 1
397 236 1893 1
402 246 1866 1
291 230 1981 1
250 310 1903 1
242 385 1879 1
253 412 1893 1
334 230 1997 1
374 310 1954 1
356 390 1950 1
360 406 1872 1
313 210 1990 1
312 191 2014 1
313 91 1985 1
315 40 1980 1
266 122 1963 1
250 191 1941 1
240 233 1817 1
241 242 1798 1
359 125 1993 1
379 189 1973 1
401 234 1890 1
408 254 1851 1
291 231 1981 1
254 318 1904 1
243 386 1880 1
254 410 1899 1
334 231 1997 1
365 315 1948 1
356 391 1947 1
359 407 1869 1
312 213 1990 1
312 194 2013 1
314 93 1988 1
315 42 1984 1
266 123 1965 1
247 188 1932 1
238 233 1816 1
238 242 1794 1
359 126 1998 1
380 186 1975 1
402 231 1890 1
410 251 1851 1
291 234 1980 1
264 331 1884 1
256 398 1882 1
256 415 1804 1
334 234 1997 1
350 330 1922 1
350 398 1936 1
353 415 1858 1
313 215 1988 1
312 196 2011 1
314 94 1990 1
316 43 1987 1
266 125 1966 1
245 186 1932 1
235 230 1817 1
234 242 1791 1
359 127 2003 1
381 186 1976 1
404 230 1890 1
412 250 1850 1
291 236 1977 1
276 352 1875 1
263 417 1884 1
279 407 1865 1
335 236 1995 1
339 351 1918 1
348 414 1937 1
327 416 1925 1
313 216 1987 1
313 196 2009 1
314 94 1990 1
316 44 1989 1
267 125 1966 1
243 183 1940 1
231 227 1826 1
228 246 1778 1
359 127 2005 1
382 183 1982 1
405 227 1893 1
413 247 1852 1
291 236 1975 1
288 352 1881 1
274 418 1881 1
261 404 1855 1
335 237 1994 1
337 352 1917 1
335 418 1920 1
338 397 1911 1
313 216 1987 1
313 196 2008 1
314 94 1990 1
317 45 1989 1
267 125 1966 1
240 181 1947 1
225 224 1836 1
221 244 1789 1
359 127 2006 1
384 181 1989 1
406 224 1900 1
414 244 1857 1
291 237 1975 1
288 353 1885 1
274 420 1883 1
266 404 1853 1
335 237 1995 1
337 352 1924 1
333 417 1925 1
340 398 1918 1
313 216 1989 1
313 196 2008 1
314 94 1988 1
317 44 1988 1
267 124 1964 1
236 176 1955 1
218 220 1853 1
213 236 1819 1
359 127 2007 1
384 179 1993 1
409 222 1908 1
417 241 1866 1
291 236 1978 1
282 351 1889 1
275 419 1883 1
296 411 1885 1
335 237 2000 1
344 349 1949 1
334 415 1927 1
351 403 1937 1
312 215 1996 1
312 196 2009 1
315 94 1980 1
318 44 1984 1
267 123 1959 1
233 175 1956 1
207 218 1869 1
200 234 1840 1
359 127 2007 1
385 178 1997 1
411 221 1915 1
422 240 1878 1
290 235 1987 1
271 358 1898 1
270 404 1883 1
282 422 1886 1
333 236 2012 1
351 328 1976 1
347 400 1961 1
337 419 1940 1
311 214 2001 1
312 194 2009 1
315 93 1972 1
318 44 1977 1
267 123 1950 1
227 173 1955 1
200 217 1878 1
192 232 1855 1
359 127 2005 1
386 178 2000 1
415 220 1928 1
427 238 1894 1
289 234 1993 1
257 317 1895 1
256 397 1877 1
266 416 1879 1
331 235 2019 1
365 317 2001 1
348 399 1962 1
353 416 1886 1
311 214 2002 1
311 194 2009 1
315 94 1967 1
319 45 1963 1
267 124 1941 1
223 173 1950 1
187 217 1888 1
179 233 1875 1
359 129 2000 1
387 178 2002 1
418 219 1940 1
431 237 1908 1
289 233 1995 1
251 315 1899 1
250 392 1866 1
261 411 1871 1
331 235 2022 1
367 316 2009 1
350 397 1972 1
355 414 1896 1
311 214 2003 1
311 194 2007 1
315 96 1958 1
319 46 1957 1
266 126 1932 1
215 176 1941 1
181 218 1892 1
170 232 1892 1
359 130 1998 1
389 179 2005 1
421 220 1951 1
435 238 1927 1
288 234 1995 1
250 315 1899 1
248 392 1867 1
250 410 1792 1
330 235 2024 1
368 315 2010 1
352 391 1984 1
358 408 1909 1
310 215 2003 1
310 196 2006 1
315 98 1955 1
319 48 1952 1
265 128 1928 1
215 175 1940 1
177 216 1896 1
166 228 1897 1
359 132 1997 1
391 181 2006 1
423 222 1958 1
438 240 1939 1
288 235 1996 1
251 317 1898 1
248 392 1867 1
249 410 1792 1
329 237 2026 1
367 316 2003 1
353 392 1982 1
359 409 1907 1
310 216 2004 1
310 197 2004 1
315 98 1953 1
320 48 1949 1
265 128 1927 1
215 175 1939 1
176 215 1898 1
164 227 1900 1
359 132 1996 1
391 182 2009 1
425 223 1970 1
439 241 1951 1
287 237 1997 1
262 326 1894 1
252 397 1869 1
254 415 1794 1
329 238 2026 1
353 326 1964 1
353 397 1964 1
359 414 1890 1
310 217 2003 1
310 197 2002 1
315 98 1952 1
320 48 1948 1
266 128 1927 1
216 176 1942 1
177 215 1901 1
165 226 1901 1
359 132 1997 1
391 182 2012 1
424 223 1980 1
438 242 1968 1
287 237 1997 1
273 340 1895 1
264 408 1876 1
266 427 1801 1
330 238 2025 1
346 335 1936 1
351 399 1945 1
357 417 1871 1
310 217 2000 1
310 197 1999 1
315 97 1951 1
320 47 1946 1
266 127 1926 1
219 175 1953 1
186 218 1909 1
174 227 1898 1
359 131 1997 1
389 181 2019 1
420 224 1993 1
433 242 1980 1
287 237 1993 1
283 349 1907 1
266 416 1884 1
247 417 1842 1
330 238 2020 1
335 350 1926 1
346 416 1923 1
352 434 1849 1
310 215 1995 1
310 195 1993 1
315 94 1948 1
320 42 1944 1
267 122 1925 1
228 171 1977 1
198 215 1921 1
192 229 1903 1
359 127 1994 1
387 180 2024 1
415 224 2007 1
426 244 1992 1
287 235 1986 1
287 339 1924 1
274 408 1885 1
265 429 1847 1
331 236 2014 1
325 335 1933 1
329 403 1906 1
340 411 1957 1
310 213 1994 1
310 193 1992 1
315 90 1948 1
320 39 1942 1
268 119 1924 1
230 171 1978 1
206 218 1930 1
201 231 1917 1
359 123 1992 1
384 178 2028 1
409 224 2019 1
415 240 2011 1
287 233 1985 1
283 345 1934 1
274 414 1886 1
286 396 1886 1
330 234 2014 1
328 347 1953 1
330 415 1925 1
342 415 1980 1
310 211 1997 1
310 191 1993 1
315 87 1946 1
320 37 1941 1
268 118 1923 1
232 171 1981 1
209 219 1938 1
204 232 1928 1
359 121 1988 1
382 178 2030 1
405 224 2030 1
411 242 2020 1
288 231 1990 1
270 330 1943 1
273 402 1904 1
276 420 1830 1
330 232 2018 1
334 340 1964 1
333 407 1947 1
315 419 1935 1
309 209 2002 1
310 189 1996 1
315 87 1945 1
320 36 1940 1
268 117 1923 1
234 171 1984 1
212 219 1950 1
204 232 1931 1
359 120 1986 1
381 178 2031 1
403 224 2040 1
408 241 2033 1
287 227 1997 1
261 316 1929 1
266 399 1921 1
273 420 1895 1
329 229 2024 1
342 318 1968 1
340 398 1961 1
346 416 1886 1
309 208 2003 1
310 188 1995 1
315 87 1944 1
320 36 1939 1
268 117 1923 1
234 171 1986 1
211 218 1956 1
203 232 1936 1
359 120 1983 1
381 178 2031 1
403 224 2050 1
408 242 2048 1
287 226 1999 1
251 309 1919 1
251 391 1896 1
253 409 1822 1
329 228 2024 1
358 312 1965 1
343 398 1967 1
348 416 1892 1
309 208 2003 1
310 188 1995 1
315 87 1943 1
320 36 1938 1
268 118 1924 1
232 175 1997 1
203 220 1965 1
194 233 1945 1
359 122 1980 1
384 180 2035 1
406 225 2061 1
414 241 2064 1
287 227 2000 1
250 308 1917 1
243 381 1881 1
256 406 1897 1
329 228 2023 1
361 311 1969 1
346 396 1973 1
354 413 1990 1
309 210 2000 1
310 191 1993 1
315 91 1944 1
319 40 1936 1
268 122 1930 1
228 178 2003 1
196 220 1969 1
187 230 1957 1
359 125 1977 1
385 181 2037 1
410 225 2066 1
422 243 2071 1
287 230 1999 1
248 310 1914 1
242 381 1880 1
254 407 1898 1
329 232 2017 1
365 313 1967 1
351 396 1961 1
356 413 1885 1
309 214 1994 1
309 194 1988 1
315 94 1946 1
318 43 1937 1
267 126 1937 1
225 179 2007 1
189 218 1976 1
174 231 1975 1
359 129 1981 1
386 182 2038 1
414 224 2065 1
426 242 2069 1
287 234 1992 1
248 315 1907 1
241 385 1878 1
251 407 1889 1
328 236 2006 1
365 317 1959 1
353 396 1956 1
357 413 1880 1
309 216 1989 1
309 196 1984 1
315 96 1949 1
318 45 1939 1
266 126 1941 1
224 179 2009 1
188 218 1979 1
173 229 1981 1
359 130 1985 1
387 183 2040 1
418 223 2063 1
434 238 2056 1
287 236 1985 1
255 325 1893 1
244 393 1877 1
254 411 1891 1
328 238 2000 1
355 325 1934 1
352 397 1952 1
357 414 1876 1
309 216 1986 1
309 196 1982 1
314 96 1952 1
318 45 1941 1
267 126 1944 1
225 178 2015 1
189 217 1999 1
179 223 1994 1
359 130 1992 1
387 183 2041 1
419 222 2058 1
433 235 2047 1
287 236 1979 1
265 334 1884 1
254 401 1877 1
255 420 1801 1
329 238 1998 1
348 334 1918 1
351 400 1945 1
355 417 1869 1
309 215 1981 1
310 195 1978 1
314 91 1959 1
318 41 1949 1
267 121 1948 1
233 170 2035 1
200 211 2009 1
189 221 2008 1
358 126 2000 1
385 179 2042 1
417 219 2045 1
433 235 2034 1
287 234 1970 1
275 351 1893 1
258 418 1881 1
280 414 1896 1
330 236 1991 1
337 352 1925 1
349 416 1934 1
346 400 1904 1
310 207 1971 1
310 187 1971 1
314 83 1966 1
319 34 1954 1
268 114 1949 1
235 168 2042 1
208 212 2022 1
205 221 2014 1
358 117 2007 1
383 175 2043 1
414 217 2039 1
426 231 2023 1
288 227 1957 1
287 337 1915 1
273 407 1891 1
260 426 1869 1
330 228 1981 1
325 333 1941 1
330 402 1928 1
335 419 1850 1
309 202 1969 1
310 182 1970 1
314 79 1967 1
319 32 1956 1
269 108 1949 1
239 164 2047 1
213 209 2028 1
210 221 2025 1
358 113 2006 1
381 171 2044 1
407 216 2035 1
416 231 2012 1
287 222 1953 1
285 333 1932 1
275 407 1893 1
277 424 1815 1
330 223 1980 1
323 331 1945 1
328 401 1929 1
333 417 1851 1
308 200 1970 1
309 180 1972 1
314 77 1967 1
319 31 1955 1
269 106 1948 1
240 164 2048 1
215 209 2037 1
211 220 2035 1
358 109 2004 1
380 170 2043 1
404 215 2035 1
412 232 2012 1
286 219 1955 1
278 330 1954 1
274 401 1907 1
276 418 1830 1
328 221 1983 1
324 331 1953 1
329 399 1938 1
333 416 1860 1
308 199 1973 1
309 178 1974 1
314 75 1966 1
319 30 1955 1
269 105 1947 1
241 163 2049 1
215 208 2046 1
210 218 2046 1
358 107 1999 1
379 169 2041 1
403 215 2034 1
409 233 2013 1
286 218 1959 1
266 322 1953 1
268 400 1929 1
270 421 1891 1
328 219 1987 1
331 327 1957 1
330 397 1962 1
331 418 1920 1
308 198 1976 1
309 177 1976 1
314 74 1965 1
318 29 1954 1
269 104 1946 1
241 162 2050 1
214 205 2060 1
207 216 2062 1
358 106 1995 1
379 169 2038 1
402 215 2034 1
409 234 2014 1
286 216 1964 1
262 313 1937 1
263 399 1934 1
266 421 1903 1
327 219 1990 1
340 317 1946 1
334 398 1982 1
334 417 1928 1
308 198 1978 1
309 177 1976 1
314 74 1964 1
318 29 1954 1
269 104 1946 1
240 161 2052 1
209 202 2067 1
200 215 2072 1
358 109 1983 1
381 172 2030 1
404 218 2033 1
412 237 2015 1
285 216 1969 1
256 307 1925 1
258 396 1924 1
258 413 1847 1
327 219 1990 1
345 312 1941 1
341 397 1966 1
336 418 1944 1
307 199 1978 1
308 178 1976 1
314 76 1957 1
318 30 1954 1
267 108 1944 1
235 162 2057 1
203 201 2065 1
191 215 2068 1
358 113 1968 1
383 175 2017 1
407 221 2027 1
418 241 2014 1
285 218 1973 1
252 307 1916 1
251 393 1902 1
250 411 1824 1
327 220 1989 1
354 310 1936 1
344 395 1964 1
343 417 1944 1
306 204 1976 1
308 185 1973 1
313 84 1951 1
317 32 1951 1
265 115 1942 1
229 166 2050 1
194 204 2061 1
182 216 2063 1
358 119 1955 1
385 179 2008 1
411 225 2015 1
421 244 2007 1
284 224 1975 1
249 308 1910 1
244 389 1880 1
253 409 1901 1
326 227 1982 1
361 312 1936 1
350 397 1943 1
353 412 1976 1
306 211 1971 1
307 191 1967 1
313 90 1946 1
316 40 1943 1
264 121 1944 1
226 170 2045 1
190 206 2055 1
176 217 2056 1
358 125 1951 1
386 184 2004 1
415 230 2002 1
427 248 1992 1
284 231 1971 1
247 314 1899 1
243 388 1874 1
240 406 1797 1
326 233 1976 1
363 316 1933 1
353 396 1933 1
355 413 1856 1
307 215 1967 1
308 195 1963 1
313 94 1943 1
315 44 1941 1
264 125 1944 1
224 175 2039 1
186 210 2049 1
174 218 2046 1
357 128 1953 1
385 187 2009 1
415 231 1999 1
428 248 1986 1
284 235 1966 1
247 319 1887 1
242 388 1866 1
240 405 1789 1
326 237 1972 1
363 320 1920 1
354 396 1926 1
356 413 1849 1
307 218 1964 1
308 197 1960 1
312 96 1942 1
315 46 1937 1
264 127 1944 1
224 176 2037 1
188 214 2037 1
170 227 2030 1
357 130 1953 1
382 191 2020 1
413 234 2000 1
429 251 1979 1
285 238 1962 1
251 326 1871 1
243 395 1856 1
251 412 1880 1
327 239 1970 1
359 325 1901 1
355 395 1911 1
357 413 1834 1
307 218 1963 1
308 198 1959 1
312 96 1939 1
314 46 1936 1
264 127 1944 1
226 177 2036 1
194 217 2031 1
188 228 2005 1
357 130 1953 1
379 191 2027 1
407 236 2015 1
421 253 1983 1
285 238 1959 1
259 333 1854 1
253 403 1849 1
250 421 1772 1
327 239 1970 1
350 330 1884 1
353 398 1902 1
355 415 1825 1
307 218 1962 1
308 198 1957 1
312 95 1936 1
314 46 1934 1
264 127 1942 1
228 176 2037 1
198 219 2032 1
198 232 2014 1
357 129 1954 1
376 191 2037 1
403 234 2047 1
413 253 2016 1
285 238 1957 1
269 349 1857 1
257 416 1857 1
255 435 1780 1
327 239 1970 1
339 342 1875 1
349 407 1892 1
351 425 1815 1
307 216 1959 1
308 195 1953 1
311 92 1928 1
314 42 1926 1
263 124 1936 1
230 172 2039 1
204 217 2040 1
203 229 2030 1
355 124 1953 1
375 186 2050 1
399 229 2080 1
406 244 2047 1
285 236 1954 1
279 339 1873 1
274 409 1858 1
254 419 1856 1
328 237 1968 1
333 346 1880 1
336 414 1874 1
338 432 1797 1
307 212 1956 1
307 192 1950 1
310 88 1922 1
313 37 1916 1
263 120 1929 1
231 169 2038 1
205 214 2051 1
204 224 2045 1
354 119 1951 1
375 180 2062 1
398 222 2101 1
406 237 2092 1
285 233 1951 1
282 336 1889 1
275 405 1859 1
275 424 1782 1
328 233 1967 1
325 333 1899 1
335 402 1877 1
338 420 1800 1
307 209 1957 1
307 189 1949 1
310 86 1915 1
312 35 1910 1
263 116 1921 1
231 167 2039 1
203 209 2060 1
197 220 2056 1
354 116 1950 1
376 173 2074 1
399 214 2132 1
409 227 2126 1
285 229 1954 1
279 336 1904 1
273 406 1866 1
274 425 1790 1
328 230 1970 1
330 339 1924 1
331 406 1917 1
331 428 1876 1
307 207 1963 1
307 187 1952 1
310 83 1907 1
312 34 1902 1
262 114 1916 1
227 162 2040 1
198 203 2062 1
189 213 2055 1
354 115 1948 1
377 169 2080 1
402 207 2147 1
413 220 2152 1
285 227 1963 1
267 326 1916 1
270 403 1881 1
271 421 1805 1
327 227 1980 1
337 326 1943 1
338 400 1962 1
327 419 1927 1
306 204 1969 1
307 185 1955 1
310 82 1902 1
312 33 1894 1
262 113 1912 1
225 160 2034 1
190 197 2053 1
179 207 2048 1
354 113 1943 1
378 165 2080 1
404 201 2152 1
418 213 2168 1
284 223 1973 1
256 314 1905 1
258 398 1893 1
271 416 1877 1
326 224 1987 1
344 320 1953 1
341 402 1968 1
334 423 1952 1
306 204 1970 1
307 184 1956 1
310 83 1896 1
312 32 1886 1
262 113 1908 1
223 158 2025 1
185 193 2043 1
170 203 2042 1
353 113 1937 1
380 164 2081 1
408 197 2159 1
423 209 2184 1
285 223 1976 1
250 307 1898 1
252 395 1881 1
252 414 1806 1
326 224 1988 1
360 309 1963 1
346 395 1968 1
350 413 1894 1
306 204 1971 1
307 185 1956 1
309 85 1889 1
311 34 1876 1
261 115 1903 1
218 159 2015 1
177 190 2029 1
166 202 2035 1
354 116 1931 1
382 165 2078 1
411 196 2160 1
427 206 2190 1
285 223 1978 1
246 305 1890 1
242 388 1859 1
253 409 1868 1
326 224 1989 1
365 307 1967 1
350 394 1953 1
353 413 1879 1
306 208 1969 1
306 189 1953 1
310 91 1884 1
311 38 1866 1
260 119 1899 1
215 161 2002 1
173 191 2017 1
154 204 2013 1
354 121 1925 1
385 167 2074 1
414 197 2163 1
430 205 2195 1
284 227 1978 1
244 308 1885 1
240 388 1854 1
239 408 1781 1
325 229 1985 1
368 308 1964 1
352 393 1939 1
355 412 1865 1
305 213 1965 1
306 194 1950 1
309 96 1881 1
311 43 1860 1
260 125 1898 1
213 166 1987 1
168 195 1987 1
154 203 1992 1
354 124 1926 1
386 171 2064 1
416 198 2157 1
432 206 2190 1
284 233 1975 1
243 314 1874 1
239 389 1850 1
238 409 1776 1
325 235 1981 1
370 312 1960 1
353 393 1931 1
356 412 1857 1
305 218 1963 1
305 199 1948 1
309 100 1884 1
311 47 1859 1
260 129 1899 1
215 173 1981 1
170 203 1967 1
157 209 1952 1
355 129 1929 1
387 176 2063 1
419 204 2140 1
437 211 2170 1
284 238 1973 1
247 322 1858 1
240 392 1843 1
248 412 1852 1
325 239 1978 1
367 319 1937 1
353 394 1927 1
356 413 1853 1
305 219 1963 1
306 200 1948 1
308 102 1886 1
311 48 1860 1
260 130 1900 1
219 178 1973 1
183 219 1952 1
162 231 1927 1
354 130 1931 1
385 179 2062 1
418 213 2110 1
438 221 2121 1
284 240 1970 1
251 328 1848 1
245 398 1834 1
244 417 1760 1
325 240 1978 1
359 324 1915 1
353 396 1913 1
356 414 1839 1
305 219 1962 1
306 200 1948 1
308 101 1890 1
311 48 1862 1
260 130 1901 1
226 179 1971 1
203 228 1941 1
189 246 1903 1
355 130 1938 1
381 183 2067 1
414 221 2087 1
424 228 2079 1
284 240 1968 1
261 334 1840 1
253 403 1834 1
253 423 1759 1
326 240 1978 1
348 333 1894 1
351 399 1903 1
355 417 1829 1
306 217 1962 1
306 198 1948 1
308 96 1903 1
310 43 1876 1
260 128 1903 1
233 181 1975 1
225 234 1927 1
217 238 1900 1
354 125 1949 1
378 183 2065 1
404 227 2070 1
410 237 2042 1
284 238 1963 1
273 343 1857 1
265 412 1847 1
250 430 1827 1
327 238 1978 1
340 332 1895 1
346 400 1890 1
351 418 1815 1
307 211 1960 1
307 190 1949 1
308 87 1912 1
311 35 1889 1
262 119 1906 1
239 183 1975 1
235 235 1920 1
228 233 1880 1
353 117 1956 1
367 177 2050 1
394 221 2052 1
397 239 2022 1
285 230 1954 1
280 334 1884 1
269 405 1849 1
271 424 1774 1
328 231 1978 1
331 331 1907 1
338 400 1883 1
343 418 1807 1
306 205 1959 1
307 185 1950 1
308 81 1918 1
311 32 1895 1
263 113 1908 1
241 180 1975 1
237 231 1907 1
236 249 1889 1
352 111 1959 1
366 175 2050 1
391 220 2045 1
394 237 2019 1
285 225 1951 1
281 331 1901 1
272 402 1858 1
274 421 1782 1
327 225 1977 1
326 329 1924 1
331 396 1904 1
336 414 1828 1
306 202 1960 1
306 181 1951 1
308 77 1922 1
311 31 1900 1
263 109 1911 1
242 172 1980 1
223 216 1877 1
217 233 1822 1
351 106 1961 1
365 171 2052 1
392 215 2042 1
400 235 2015 1
284 222 1952 1
280 331 1921 1
273 404 1886 1
282 424 1869 1
326 221 1976 1
325 328 1944 1
327 395 1923 1
332 413 1847 1
305 200 1961 1
306 179 1953 1
308 75 1924 1
310 29 1903 1
263 106 1912 1
235 157 1979 1
213 199 1880 1
204 216 1828 1
351 104 1963 1
367 166 2057 1
399 207 2047 1
408 219 2026 1
284 220 1953 1
278 331 1933 1
275 403 1905 1
281 425 1883 1
326 220 1978 1
327 328 1962 1
328 395 1943 1
329 417 1907 1
305 199 1964 1
306 178 1955 1
308 74 1925 1
311 28 1908 1
263 105 1912 1
230 153 1973 1
195 190 1880 1
182 205 1828 1
351 104 1963 1
377 161 2069 1
410 201 2064 1
424 218 2044 1
284 218 1956 1
270 323 1933 1
269 400 1921 1
271 418 1845 1
326 219 1980 1
330 323 1971 1
328 397 1973 1
329 415 1918 1
305 198 1966 1
306 177 1957 1
308 74 1925 1
311 28 1911 1
262 104 1912 1
220 148 1961 1
181 182 1866 1
172 188 1830 1
352 104 1966 1
381 160 2072 1
418 196 2074 1
433 209 2069 1
284 217 1959 1
260 314 1908 1
260 398 1929 1
271 417 1911 1
325 218 1982 1
337 316 1969 1
329 397 1978 1
327 418 1937 1
