-0.01640417 0.1452788 1.926609 1
-0.02100899 0.1992461 1.983905 1
-0.02540226 0.5336645 2.033237 1
-0.01562728 0.7480549 2.063442 1
-0.1738788 0.4526936 1.998968 1
-0.2391472 0.2164065 1.976829 1
-0.2436141 0.04997233 1.887354 1
-0.2630501 -0.001546286 1.865827 1
0.1273755 0.4537524 2.023551 1
0.1814293 0.2129207 1.972543 1
0.218742 0.04574651 1.894388 1
0.2291903 0.02232453 1.867793 1
-0.0809283 0.07955289 1.895788 1
-0.1378829 -0.2838022 1.91443 1
-0.1523892 -0.5172547 1.90216 1
-0.1655783 -0.5822617 1.873113 1
0.05001989 0.07939162 1.917318 1
0.06837849 -0.2730175 1.928331 1
0.07351052 -0.5193625 1.927231 1
0.08006026 -0.544674 1.846151 1
-0.01635059 0.1447637 1.926562 1
-0.02099279 0.1984746 1.984002 1
-0.02514572 0.5338178 2.033283 1
-0.01557893 0.7483504 2.063458 1
-0.1736748 0.4496669 1.998107 1
-0.2418115 0.2108154 1.975455 1
-0.2475845 0.0426853 1.889647 1
-0.266286 -0.0101378 1.870903 1
0.1276526 0.4537275 2.024045 1
0.1826527 0.2129467 1.973551 1
0.2202457 0.0461771 1.894324 1
0.2309004 0.02349533 1.867763 1
-0.08097917 0.07854991 1.896061 1
-0.1382945 -0.2837303 1.914183 1
-0.1523242 -0.5173167 1.90191 1
-0.1655891 -0.5823432 1.872944 1
0.0501678 0.07907796 1.917061 1
0.06811038 -0.2728513 1.928114 1
0.07361484 -0.5193022 1.927135 1
0.08027077 -0.5446166 1.846065 1
-0.01625441 0.1439186 1.926526 1
-0.02091789 0.1973678 1.984181 1
-0.0251026 0.5338027 2.033547 1
-0.01563076 0.7484608 2.063499 1
-0.1734454 0.4475459 1.997756 1
-0.2436202 0.2091785 1.973592 1
-0.2523749 0.03898987 1.892803 1
-0.2695024 -0.01454971 1.874692 1
0.1275162 0.4536272 2.024134 1
0.1833739 0.2128476 1.974519 1
0.2224515 0.04660101 1.894643 1
0.2329411 0.02491211 1.868044 1
-0.08078413 0.07771207 1.896131 1
-0.1384502 -0.2837673 1.914057 1
-0.1523412 -0.5172732 1.901796 1
-0.1655363 -0.5823346 1.872876 1
0.05026498 0.07866621 1.916931 1
0.06790099 -0.2728734 1.927969 1
0.07363426 -0.5192509 1.927072 1
0.08025194 -0.5445639 1.845999 1
-0.01625846 0.1427673 1.926515 1
-0.02090091 0.1960923 1.984356 1
-0.02501108 0.5337628 2.033714 1
-0.01593164 0.7485665 2.063691 1
-0.1734357 0.4466178 1.997902 1
-0.2456525 0.208762 1.972144 1
-0.2570827 0.03705268 1.895467 1
-0.271694 -0.01705809 1.876945 1
0.1272396 0.4531794 2.024183 1
0.1834912 0.2123901 1.974546 1
0.2246825 0.0461794 1.89564 1
0.2349243 0.02518691 1.869038 1
-0.08076395 0.07654314 1.896408 1
-0.1384142 -0.2838231 1.914023 1
-0.1523124 -0.5173121 1.90186 1
-0.1655853 -0.5826674 1.873647 1
0.05029042 0.07798136 1.91672 1
0.06776448 -0.2728498 1.927913 1
0.07366063 -0.5192598 1.927039 1
0.08022356 -0.5445771 1.845963 1
-0.01662457 0.1410752 1.926247 1
-0.02100354 0.1956654 1.984455 1
-0.02775101 0.5803635 2.051905 1
-0.01469857 0.7606702 2.063261 1
-0.173095 0.4451563 1.997926 1
-0.2471295 0.2079315 1.971647 1
-0.2587959 0.03559189 1.896864 1
-0.2728284 -0.01847887 1.877868 1
0.1268348 0.4525924 2.024169 1
0.1844404 0.2121013 1.975388 1
0.2251785 0.04577605 1.896625 1
0.2396874 0.02479334 1.870923 1
-0.0810385 0.0751962 1.896731 1
-0.1383545 -0.2847585 1.914124 1
-0.1523167 -0.5173225 1.901792 1
-0.1656954 -0.5828082 1.873977 1
0.05002242 0.076835 1.915938 1
0.06763529 -0.2729262 1.927768 1
0.07367103 -0.5192595 1.927012 1
0.08015673 -0.5444897 1.845923 1
-0.01679906 0.1401715 1.926119 1
-0.0211034 0.1956351 1.984644 1
-0.02769576 0.5803638 2.051919 1
-0.01434679 0.7595598 2.06368 1
-0.1731726 0.4436499 1.997803 1
-0.249483 0.2072165 1.971176 1
-0.2594236 0.03457196 1.897079 1
-0.2733145 -0.01953832 1.878162 1
0.1265314 0.4520008 2.024328 1
0.1847689 0.2117151 1.975664 1
0.2342037 0.04744491 1.897826 1
0.2411754 0.02429213 1.871554 1
-0.08128046 0.07429024 1.89669 1
-0.1380517 -0.2875554 1.914918 1
-0.1522913 -0.5173502 1.901736 1
-0.1657059 -0.5828356 1.873978 1
0.04994511 0.07612673 1.915664 1
0.06766988 -0.2734059 1.92771 1
0.07367843 -0.5194239 1.926974 1
0.08016591 -0.544652 1.845904 1
-0.0170228 0.1395181 1.9261 1
-0.02133828 0.1956069 1.984896 1
-0.0277332 0.5803397 2.051918 1
-0.01430332 0.7589836 2.063898 1
-0.1734041 0.4429236 1.997944 1
-0.2507322 0.2068905 1.971086 1
-0.2596465 0.03421457 1.897064 1
-0.2738394 -0.01975057 1.878021 1
0.1265512 0.451221 2.024667 1
0.185333 0.2111127 1.976216 1
0.2385246 0.04780746 1.899045 1
0.2428823 0.02411222 1.873562 1
-0.08166607 0.07337726 1.896829 1
-0.1383813 -0.2874241 1.914977 1
-0.1522757 -0.5173809 1.901675 1
-0.1657313 -0.582831 1.873895 1
0.04990482 0.07549478 1.915422 1
0.06769899 -0.2734329 1.92768 1
0.07370219 -0.5195262 1.926974 1
0.08023806 -0.5447527 1.845927 1
-0.01694613 0.1387567 1.926275 1
-0.02142491 0.1936723 1.985134 1
-0.02788677 0.5312974 2.038563 1
-0.0150369 0.7458602 2.065225 1
-0.1738013 0.442262 1.998327 1
-0.2509529 0.206076 1.970692 1
-0.2588526 0.03352205 1.895971 1
-0.272802 -0.02023998 1.876236 1
0.1261142 0.4503759 2.025087 1
0.1851599 0.2103635 1.976952 1
0.2420326 0.04783474 1.90075 1
0.2443513 0.02302079 1.87514 1
-0.08153026 0.07241084 1.897164 1
-0.13814 -0.2882437 1.915212 1
-0.1522306 -0.5175321 1.901776 1
-0.1658207 -0.5828152 1.873669 1
0.05009774 0.07491419 1.915429 1
0.06774798 -0.2736925 1.9277 1
0.07371373 -0.5195593 1.926944 1
0.08026627 -0.5447483 1.845885 1
-0.01690586 0.1387319 1.926384 1
-0.0216695 0.1942103 1.98572 1
-0.02861779 0.5769655 2.052857 1
-0.01418418 0.7586346 2.064866 1
-0.1742931 0.4416296 1.998693 1
-0.2510538 0.2053853 1.97061 1
-0.2564851 0.03368607 1.893447 1
-0.2717388 -0.0198237 1.874043 1
0.1268062 0.4501048 2.027126 1
0.1853461 0.2099196 1.978431 1
0.2431293 0.04799578 1.90164 1
0.2462987 0.02195694 1.878601 1
-0.08152689 0.07225274 1.897251 1
-0.1379219 -0.289678 1.915498 1
-0.1523082 -0.5182345 1.901924 1
-0.1660953 -0.5833213 1.873494 1
0.05029971 0.07480614 1.91553 1
0.06738183 -0.273875 1.927787 1
0.07372949 -0.5195358 1.926853 1
0.08064721 -0.544727 1.845843 1
-0.01716451 0.1383836 1.926392 1
-0.02198536 0.1943097 1.985946 1
-0.02885079 0.5770897 2.052808 1
-0.01446384 0.758615 2.065327 1
-0.174618 0.441189 1.999037 1
-0.25047 0.2047246 1.970472 1
-0.253162 0.03419374 1.89026 1
-0.2692416 -0.01893692 1.870539 1
0.1265963 0.4499867 2.027499 1
0.1851517 0.2098277 1.979216 1
0.2415958 0.04673232 1.904352 1
0.2462458 0.02180667 1.880905 1
-0.08186613 0.07183541 1.897459 1
-0.1377656 -0.2908529 1.915926 1
-0.1523077 -0.5182935 1.901863 1
-0.1660225 -0.5834118 1.873509 1
0.0501706 0.07446681 1.915317 1
0.06718078 -0.2742653 1.927907 1
0.07371251 -0.5196003 1.926828 1
0.08060881 -0.5447904 1.845834 1
-0.01713639 0.1379855 1.926602 1
-0.02206302 0.1928696 1.986167 1
-0.02829922 0.5323386 2.041143 1
-0.01638153 0.7469322 2.065476 1
-0.1746061 0.4400336 1.998891 1
-0.2485173 0.202873 1.969493 1
-0.2495523 0.03386618 1.885348 1
-0.2667561 -0.01840392 1.864388 1
0.1263198 0.4499043 2.027817 1
0.184552 0.2094957 1.980267 1
0.2393901 0.04523876 1.906822 1
0.2469151 0.02101271 1.88304 1
-0.08174921 0.07148921 1.897498 1
-0.1381728 -0.2901398 1.915926 1
-0.1521578 -0.5185422 1.90212 1
-0.1660633 -0.5838243 1.874233 1
0.050204 0.07408283 1.915634 1
0.06722341 -0.2745571 1.927836 1
0.0736102 -0.5197542 1.92682 1
0.0805307 -0.5448996 1.84581 1
-0.01733554 0.1375117 1.926556 1
-0.0223247 0.1930487 1.986352 1
-0.031623 0.5786042 2.054523 1
-0.01699129 0.7569082 2.064761 1
-0.1744916 0.4392014 1.998742 1
-0.2428462 0.211403 1.974973 1
-0.2461432 0.04431684 1.886643 1
-0.2652562 -0.007676806 1.866751 1
0.1258821 0.4496551 2.028218 1
0.1844278 0.2093108 1.981454 1
0.2370299 0.043773 1.909659 1
0.2478659 0.02090675 1.886128 1
-0.08185236 0.07114485 1.897451 1
-0.1381157 -0.29076 1.915935 1
-0.1521835 -0.5185935 1.901999 1
-0.1659198 -0.5839659 1.874277 1
0.05005956 0.07380529 1.91556 1
0.06697422 -0.2754571 1.928192 1
0.0735396 -0.5200094 1.926788 1
0.08056848 -0.545176 1.845813 1
-0.01797 0.1367145 1.926706 1
-0.02333045 0.1913603 1.986405 1
-0.03198021 0.5287198 2.038351 1
-0.01907732 0.7435061 2.065519 1
-0.1746206 0.4387439 1.99884 1
-0.2412205 0.2075405 1.972592 1
-0.2448156 0.04073691 1.883514 1
-0.259997 -0.01094974 1.859869 1
0.1252451 0.4496124 2.02861 1
0.1839545 0.2092169 1.981934 1
0.2351056 0.04290488 1.910852 1
0.2475879 0.02030403 1.886768 1
-0.08228678 0.07043517 1.897686 1
-0.1382028 -0.2911088 1.915862 1
-0.1522477 -0.5187448 1.901974 1
-0.1451637 -0.5439243 1.821007 1
0.04937017 0.07320825 1.915619 1
0.0666287 -0.2763566 1.928475 1
0.0735616 -0.5200195 1.9268 1
0.0806456 -0.5451989 1.845833 1
-0.01809094 0.1365259 1.926768 1
-0.02358972 0.191604 1.986695 1
-0.03354753 0.578126 2.054483 1
-0.02031465 0.756264 2.065204 1
-0.1746731 0.4385284 1.998864 1
-0.2404616 0.2064217 1.971935 1
-0.243595 0.03997709 1.882174 1
-0.2609198 -0.01160778 1.859894 1
0.1246805 0.4496416 2.028814 1
0.1835081 0.2093222 1.982331 1
0.2338768 0.04271317 1.911563 1
0.2474958 0.02018368 1.887408 1
-0.08231084 0.07024015 1.897738 1
-0.1382082 -0.2911209 1.915823 1
-0.1523129 -0.5192742 1.901685 1
-0.1451959 -0.5444415 1.820736 1
0.04925369 0.07314868 1.915665 1
0.06645922 -0.2769746 1.928658 1
0.0735593 -0.5202613 1.926785 1
0.08067634 -0.5454286 1.845836 1
-0.01874506 0.136496 1.926798 1
-0.02404786 0.1923031 1.987072 1
-0.03354645 0.5781274 2.054471 1
-0.02154339 0.7559094 2.064866 1
-0.176044 0.4422993 2.002802 1
-0.2400442 0.205407 1.971325 1
-0.2432556 0.03914391 1.881288 1
-0.261169 -0.01243506 1.859547 1
0.1238918 0.4493891 2.02876 1
0.1831621 0.20921 1.982619 1
0.2328411 0.04238686 1.912015 1
0.2473186 0.01999876 1.887968 1
-0.08291899 0.07032596 1.897639 1
-0.1380768 -0.2915537 1.915933 1
-0.1522804 -0.5192658 1.901668 1
-0.1458531 -0.5444307 1.820679 1
0.04845713 0.07306366 1.915753 1
0.06636082 -0.2769748 1.92865 1
0.07350665 -0.5205363 1.926828 1
0.0799339 -0.5457012 1.845838 1
-0.01911006 0.1360579 1.926669 1
-0.02434056 0.1923625 1.9871 1
-0.03353536 0.5781577 2.054385 1
-0.02209524 0.7558045 2.064889 1
-0.1759172 0.4415416 2.002317 1
-0.2402608 0.2028301 1.969902 1
-0.2433466 0.03654291 1.880019 1
-0.261193 -0.01502798 1.858289 1
0.1236603 0.4493526 2.028902 1
0.1829993 0.2092519 1.982777 1
0.2321902 0.04231805 1.912219 1
0.2472525 0.01972515 1.888026 1
-0.08324335 0.06995419 1.897619 1
-0.1384099 -0.2913676 1.91571 1
-0.1522882 -0.5192749 1.901614 1
-0.1664668 -0.5848189 1.874645 1
0.04812746 0.07275343 1.915551 1
0.06669096 -0.2773242 1.928689 1
0.07353 -0.5205913 1.926806 1
0.08006293 -0.5457537 1.845842 1
-0.01925259 0.1357094 1.926692 1
-0.02442521 0.192402 1.987182 1
-0.03327817 0.5782514 2.054317 1
-0.02283225 0.7558474 2.064516 1
-0.1760179 0.4411046 2.002077 1
-0.2409745 0.2021463 1.969771 1
-0.2434385 0.035907 1.879874 1
-0.2614333 -0.0156752 1.858382 1
0.1233656 0.4493823 2.028927 1
0.1828966 0.2093766 1.982981 1
0.2320021 0.04241677 1.912573 1
0.2473063 0.01970612 1.888051 1
-0.08341716 0.06957068 1.897758 1
-0.138172 -0.2917872 1.915617 1
-0.1521736 -0.5191875 1.901432 1
-0.1676991 -0.5845026 1.87469 1
0.04798685 0.07250686 1.915495 1
0.06698165 -0.277813 1.928823 1
0.07356766 -0.5205517 1.926777 1
0.08013341 -0.545714 1.845834 1
-0.01927828 0.1354739 1.926768 1
-0.02450546 0.1924606 1.987266 1
-0.03328975 0.5782328 2.053998 1
-0.02294943 0.7560205 2.064451 1
-0.1763428 0.44041 2.001787 1
-0.2415339 0.2019728 1.969776 1
-0.2445044 0.03543982 1.880639 1
-0.2623978 -0.0163233 1.859591 1
0.1232299 0.449471 2.029157 1
0.1826601 0.2094706 1.983576 1
0.231927 0.04281187 1.912587 1
0.247223 0.01985454 1.888095 1
-0.08349544 0.06912514 1.898044 1
-0.1382704 -0.2911466 1.914615 1
-0.1522712 -0.5197334 1.89981 1
-0.145641 -0.5448995 1.818891 1
0.04805741 0.07226876 1.915509 1
0.06691931 -0.278322 1.928834 1
0.07396825 -0.520445 1.926703 1
0.08059843 -0.5456111 1.845785 1
-0.02004375 0.1360415 1.927082 1
-0.02503676 0.193811 1.987739 1
-0.03327253 0.5786611 2.053318 1
-0.02349823 0.7564561 2.063737 1
-0.1796235 0.4485244 2.006737 1
-0.2404024 0.2082858 1.970052 1
-0.2462892 0.0401803 1.884695 1
-0.2653214 -0.01163007 1.864889 1
0.1229453 0.4495302 2.029052 1
0.1830401 0.2096911 1.984148 1
0.2337523 0.04404999 1.911654 1
0.2474833 0.0203934 1.888264 1
-0.08490754 0.0699905 1.898608 1
-0.139325 -0.2913987 1.910878 1
-0.1539693 -0.5226842 1.895775 1
-0.1480205 -0.5478677 1.814822 1
0.04770551 0.07237659 1.915698 1
0.06761858 -0.2813523 1.928293 1
0.07521421 -0.5208796 1.927114 1
0.081163 -0.5460631 1.846161 1
-0.02061475 0.137052 1.927891 1
-0.02574268 0.1958864 1.988642 1
-0.03341821 0.5807255 2.051929 1
-0.0248929 0.7579145 2.062106 1
-0.1810568 0.451358 2.007171 1
-0.2410126 0.2109421 1.970827 1
-0.2472759 0.04217853 1.887124 1
-0.2678239 -0.009379584 1.868297 1
0.1228019 0.4500102 2.029002 1
0.1833388 0.2103023 1.984417 1
0.2349053 0.04536435 1.910833 1
0.2467748 0.02203344 1.88812 1
-0.08612192 0.07098258 1.8997 1
-0.1414576 -0.2943241 1.904143 1
-0.1594893 -0.528402 1.887403 1
-0.1535042 -0.553637 1.806477 1
0.047666 0.07275132 1.916427 1
0.07051842 -0.286034 1.926659 1
0.07759039 -0.5223279 1.926612 1
0.08357551 -0.5475629 1.845686 1
-0.02159165 0.140363 1.930288 1
-0.02647974 0.2004504 1.990848 1
-0.03244392 0.5849996 2.050563 1
-0.0267255 0.7608818 2.059898 1
-0.1818161 0.4525993 2.005785 1
-0.2427808 0.2122395 1.971687 1
-0.2485335 0.04286128 1.889236 1
-0.2711724 -0.008434795 1.872313 1
0.1234905 0.4585136 2.029748 1
0.1851485 0.2291457 1.991349 1
0.2290987 0.06224436 1.916953 1
0.2443298 0.02471486 1.888452 1
-0.08828705 0.07363823 1.90244 1
-0.1452692 -0.295834 1.895179 1
-0.1655014 -0.5333894 1.878747 1
-0.1595598 -0.5587212 1.797852 1
0.04758293 0.0750704 1.918897 1
0.073972 -0.2873645 1.92437 1
0.08162194 -0.5244443 1.92638 1
0.08756357 -0.5497761 1.845484 1
-0.02248694 0.1437664 1.933488 1
-0.02704987 0.2046251 1.993184 1
-0.03073814 0.5891967 2.047596 1
-0.02733417 0.7627458 2.0576 1
-0.1823091 0.4556521 2.004416 1
-0.2440718 0.2152899 1.973653 1
-0.2490658 0.04556806 1.89181 1
-0.2764463 -0.003302135 1.874878 1
0.1241043 0.4626158 2.02928 1
0.1864447 0.2346467 1.994447 1
0.2268384 0.06725709 1.918774 1
0.2391243 0.02903304 1.8878 1
-0.09070259 0.07692892 1.906416 1
-0.1581116 -0.2857504 1.878894 1
-0.1744812 -0.5378082 1.872164 1
-0.1683953 -0.5633154 1.791336 1
0.04749166 0.07767087 1.923266 1
0.07947968 -0.2852104 1.919184 1
0.08767337 -0.5222476 1.919634 1
0.09375923 -0.5477548 1.838805 1
-0.02309496 0.1476747 1.938631 1
-0.027399 0.2090404 1.996394 1
-0.02948805 0.5923444 2.042452 1
-0.02765203 0.7635683 2.054249 1
-0.1825673 0.4577471 2.002102 1
-0.245436 0.2175081 1.974787 1
-0.2489298 0.0476436 1.893029 1
-0.2870461 0.005836509 1.878075 1
0.1258284 0.4672886 2.028097 1
0.1899569 0.2392328 1.996619 1
0.2237129 0.07071446 1.919875 1
0.237146 0.02554749 1.885179 1
-0.09308697 0.08082797 1.913797 1
-0.1734053 -0.2737409 1.869126 1
-0.1915448 -0.5302681 1.861005 1
-0.1853546 -0.5561019 1.780293 1
0.0480682 0.08017424 1.929967 1
0.1023151 -0.2658119 1.908329 1
0.09557548 -0.5151305 1.909984 1
0.1017657 -0.5409642 1.829272 1
-0.02488557 0.1498274 1.943856 1
-0.02855907 0.2116065 1.999324 1
-0.02881024 0.5912896 2.03593 1
-0.02832305 0.7625193 2.049835 1
-0.1830778 0.4583621 1.999334 1
-0.2464234 0.2181453 1.975571 1
-0.249516 0.04813518 1.893992 1
-0.2920128 0.01047973 1.879846 1
0.1266672 0.4678365 2.025817 1
0.2000716 0.2497218 1.999273 1
0.2225617 0.07467735 1.919483 1
0.2267247 0.02888098 1.883298 1
-0.0966975 0.08211148 1.922403 1
-0.2090163 -0.2401117 1.850824 1
-0.2104684 -0.5091259 1.843813 1
-0.2041346 -0.5353914 1.763255 1
0.04680253 0.08172161 1.936301 1
0.1364741 -0.2362413 1.898873 1
0.1000047 -0.5095215 1.899716 1
0.1063386 -0.535787 1.819158 1
-0.02557139 0.1478659 1.947874 1
-0.02888913 0.2111052 2.001839 1
-0.02697115 0.5826393 2.026724 1
-0.02703408 0.7576953 2.042214 1
-0.1844846 0.4540718 1.993057 1
-0.2492712 0.2142517 1.976244 1
-0.2557466 0.04374233 1.895955 1
-0.2915974 0.002955701 1.874168 1
0.1286102 0.4625031 2.018629 1
0.2066101 0.2358844 1.995473 1
0.2184671 0.06234504 1.914295 1
0.2197115 0.01729743 1.876976 1
-0.09853909 0.07808951 1.928688 1
-0.2117589 -0.235935 1.849274 1
-0.2306146 -0.4954875 1.831604 1
-0.2244703 -0.5222737 1.751304 1
0.04666124 0.07858729 1.941983 1
0.1461063 -0.2330232 1.896831 1
0.1040628 -0.5044798 1.892597 1
0.1102071 -0.531266 1.812297 1
-0.02777728 0.1361596 1.952607 1
-0.03100072 0.1995078 2.005396 1
-0.02813873 0.5591075 2.01645 1
-0.02460019 0.7395283 2.029995 1
-0.1864342 0.4385817 1.983538 1
-0.2599549 0.2015201 1.973684 1
-0.2600455 0.03064652 1.893836 1
-0.2853171 -0.01585054 1.868889 1
0.1316333 0.445888 2.00847 1
0.2119252 0.2267818 1.990804 1
0.2185327 0.0449824 1.90674 1
0.212104 -0.001314018 1.871551 1
-0.1024498 0.0635095 1.934722 1
-0.2143618 -0.23674 1.847412 1
-0.2425488 -0.4847876 1.82012 1
-0.2171804 -0.5511056 1.836689 1
0.04581107 0.06503571 1.947653 1
0.1496959 -0.2333958 1.896397 1
0.114291 -0.4920051 1.881456 1
0.1202784 -0.5194653 1.801441 1
-0.02868799 0.1172906 1.95517 1
-0.03121941 0.1801826 2.006611 1
-0.02501822 0.5361903 2.009235 1
-0.02499999 0.7152076 2.018879 1
-0.189242 0.4180331 1.979792 1
-0.2711032 0.1858955 1.968687 1
-0.2685401 0.01396677 1.891498 1
-0.2855445 -0.03534904 1.86501 1
0.143656 0.410616 2.001898 1
0.2144338 0.200321 1.980568 1
0.2210113 -0.0003907908 1.895706 1
0.2099288 -0.04851539 1.864338 1
-0.1066953 0.04132709 1.938127 1
-0.2121202 -0.2518062 1.839716 1
-0.2415345 -0.4878392 1.820305 1
-0.22043 -0.5546775 1.837025 1
0.04750369 0.04076973 1.950528 1
0.1525577 -0.2487198 1.892037 1
0.1187915 -0.5038503 1.881569 1
0.1244353 -0.5318773 1.801761 1
-0.02728462 0.09841077 1.957021 1
-0.03029078 0.1629036 2.007393 1
-0.02594763 0.5226213 2.005572 1
-0.02398686 0.6967621 2.011916 1
-0.190472 0.3998527 1.978713 1
-0.2753057 0.1820067 1.962953 1
-0.2810342 -0.01831951 1.885536 1
-0.3064291 -0.06652017 1.864218 1
0.1468564 0.397301 2.002201 1
0.2082795 0.1566028 1.965142 1
0.2235296 -0.01607059 1.891589 1
0.220633 -0.06863809 1.866076 1
-0.1060025 0.02126167 1.939695 1
-0.1859214 -0.2913723 1.82364 1
-0.2122712 -0.5374766 1.836767 1
-0.206579 -0.5659086 1.757106 1
0.05082879 0.02236714 1.953529 1
0.1266001 -0.2905084 1.875845 1
0.1161187 -0.5132734 1.880512 1
0.1218109 -0.5417054 1.800851 1
-0.02540211 0.08596376 1.955672 1
-0.02891677 0.1511108 2.005406 1
-0.02765995 0.511466 1.999728 1
-0.02415624 0.6868336 2.006216 1
-0.1918806 0.3889754 1.977707 1
-0.268958 0.1706372 1.954342 1
-0.2820579 -0.01757815 1.885418 1
-0.299569 -0.06975174 1.865725 1
0.143784 0.389014 2.000893 1
0.2014054 0.1523484 1.963861 1
0.2193012 -0.02165745 1.894812 1
0.2229564 -0.07261959 1.866421 1
-0.1034847 0.009822208 1.938092 1
-0.1512147 -0.3465683 1.822564 1
-0.2050317 -0.5592998 1.839883 1
-0.1994716 -0.5880322 1.760321 1
0.05309867 0.01207004 1.953783 1
0.09858261 -0.3284422 1.849725 1
0.10344 -0.5453687 1.878407 1
0.1090001 -0.5741012 1.798845 1
-0.02298772 0.07723376 1.953332 1
-0.02703668 0.1431936 2.002906 1
-0.02806986 0.5067049 1.996534 1
-0.02281298 0.6825576 2.002574 1
-0.1911571 0.3859094 1.976101 1
-0.2555596 0.157183 1.950297 1
-0.2814025 -0.01673123 1.883909 1
-0.2981882 -0.06958362 1.865535 1
0.1390714 0.3855537 1.998733 1
0.1849929 0.1450461 1.963215 1
0.2218274 -0.02645072 1.895493 1
0.2228308 -0.06012003 1.872058 1
-0.1002815 0.004485 1.935788 1
-0.1178188 -0.3846272 1.830013 1
-0.1560315 -0.6004506 1.848917 1
-0.1054593 -0.5517374 1.865146 1
0.05514078 0.003960595 1.952765 1
0.06366961 -0.3685634 1.840046 1
0.09318456 -0.5826432 1.872409 1
0.03660623 -0.5610471 1.83334 1
-0.02290262 0.07605714 1.952738 1
-0.02699413 0.1419781 2.002139 1
-0.02779653 0.5046977 1.99447 1
-0.02187669 0.6803943 1.999775 1
-0.1907391 0.3850159 1.973485 1
-0.2489686 0.1537708 1.949864 1
-0.2736449 -0.01939172 1.880426 1
-0.2913485 -0.06413811 1.863964 1
0.1360778 0.3834987 1.996376 1
0.17845 0.1460816 1.964442 1
0.2154128 -0.02602272 1.898543 1
0.2196902 -0.06118268 1.871229 1
-0.09990672 0.003732826 1.935025 1
-0.09222184 -0.378341 1.840759 1
-0.1441958 -0.5932541 1.848633 1
-0.110257 -0.5297956 1.844573 1
0.05502862 0.002918009 1.952605 1
0.04298103 -0.3616576 1.839794 1
0.05671317 -0.5810919 1.855334 1
0.03581157 -0.5236544 1.817132 1
-0.02256244 0.07583197 1.953155 1
-0.02718238 0.1420481 2.002269 1
-0.02812408 0.5042186 1.992445 1
-0.02135886 0.6793728 1.996145 1
-0.1906081 0.3848337 1.969748 1
-0.2431265 0.1513549 1.950283 1
-0.2594765 -0.02220054 1.878902 1
-0.2699536 -0.06057267 1.853287 1
0.1344119 0.3845065 1.995349 1
0.1775982 0.1455067 1.965434 1
0.19901 -0.03063458 1.90419 1
0.2069808 -0.06385902 1.872789 1
-0.09915674 0.003373702 1.935418 1
-0.08924032 -0.3817617 1.846927 1
-0.1417915 -0.5967223 1.853923 1
-0.1189419 -0.5326145 1.830147 1
0.05562433 0.002822142 1.954337 1
0.05228183 -0.3693813 1.858736 1
0.04575086 -0.590953 1.862921 1
0.04032808 -0.5255746 1.83303 1
-0.02203997 0.07832871 1.957489 1
-0.02714935 0.1447919 2.004164 1
-0.02891098 0.5068439 1.987766 1
-0.02076146 0.6823737 1.990616 1
-0.1910853 0.3888163 1.966781 1
-0.2402221 0.1481181 1.949595 1
-0.235443 -0.02396572 1.871965 1
-0.2573898 -0.07029428 1.843988 1
0.1333803 0.387428 1.994028 1
0.1768482 0.1456636 1.967682 1
0.1913915 -0.03165483 1.907937 1
0.2009635 -0.05842302 1.874947 1
-0.09819757 0.006386251 1.940807 1
-0.1265578 -0.3642952 1.86359 1
-0.1358617 -0.5870084 1.856012 1
-0.1230975 -0.5334449 1.809461 1
0.05660204 0.005346335 1.963144 1
0.07151176 -0.3716348 1.888142 1
0.05274526 -0.5912088 1.901397 1
0.0591909 -0.5293959 1.864838 1
-0.0223717 0.09579425 1.974699 1
-0.02704011 0.1615529 2.013783 1
-0.02829141 0.5122772 1.983878 1
-0.02024081 0.6883649 1.986126 1
-0.1906431 0.3963277 1.964312 1
-0.2372014 0.1518562 1.95047 1
-0.2338211 -0.01549138 1.861531 1
-0.2453285 -0.06737908 1.83744 1
0.1334941 0.3955229 1.99256 1
0.1770072 0.1502828 1.970263 1
0.1852107 -0.02664754 1.907768 1
0.2013306 -0.06126074 1.863641 1
-0.09883066 0.02346234 1.963023 1
-0.166671 -0.2910117 1.862837 1
-0.1587205 -0.5486338 1.861331 1
-0.1518787 -0.5799953 1.782821 1
0.0559012 0.02416624 1.984099 1
0.1061995 -0.2900204 1.911628 1
0.07264553 -0.5394425 1.908317 1
0.08504703 -0.6041701 1.937546 1
-0.02236952 0.1062906 1.982184 1
-0.02658536 0.1728729 2.017091 1
-0.02758167 0.5162601 1.980738 1
-0.02009572 0.6929017 1.981646 1
-0.1902901 0.4021631 1.962927 1
-0.2342128 0.1573705 1.951712 1
-0.2340112 -0.002498507 1.848197 1
-0.2353031 -0.04273336 1.805976 1
0.1339217 0.3999793 1.991055 1
0.1786399 0.1550549 1.97253 1
0.1766363 -0.02791604 1.940266 1
0.1976947 -0.0382124 1.881088 1
-0.09911176 0.03280524 1.972815 1
-0.1996115 -0.2460097 1.875751 1
-0.2093889 -0.5078854 1.854358 1
-0.1785334 -0.5773537 1.864432 1
0.05593494 0.0343441 1.991078 1
0.1510611 -0.2549311 1.93087 1
0.09240973 -0.5321784 1.930745 1
0.1167394 -0.5904401 1.968281 1
-0.02289378 0.1094437 1.98581 1
-0.02655101 0.1766652 2.017069 1
-0.02685408 0.518517 1.979771 1
-0.02041699 0.695448 1.979249 1
-0.1890066 0.4071093 1.961882 1
-0.2324028 0.1623862 1.952681 1
-0.2384141 0.0128853 1.833246 1
-0.2349143 -0.01327906 1.818143 1
0.1333272 0.4040269 1.989533 1
0.1839421 0.1603653 1.973299 1
0.2210634 -0.01560402 1.902111 1
0.1929779 -0.04370186 1.859453 1
-0.09883285 0.03673459 1.978172 1
-0.2196011 -0.2356625 1.887205 1
-0.2243551 -0.4968056 1.860996 1
-0.2176633 -0.5294954 1.783068 1
0.05409396 0.03796694 1.994669 1
0.1743223 -0.2432402 1.944385 1
0.1167671 -0.5091171 1.942406 1
0.1234589 -0.5418069 1.864478 1
-0.02353957 0.109815 1.987788 1
-0.02676532 0.1774513 2.016045 1
-0.02633573 0.5194709 1.980334 1
-0.02077549 0.6960716 1.977931 1
-0.1884247 0.4087626 1.961759 1
-0.2323416 0.1641681 1.952297 1
-0.2433465 0.01754372 1.829403 1
-0.2373798 -0.007431964 1.812126 1
0.1338357 0.4050966 1.98964 1
0.1936723 0.1646086 1.973189 1
0.2457935 0.002274901 1.891725 1
0.218794 -0.02820707 1.87588 1
-0.09896179 0.03697613 1.980593 1
-0.2339667 -0.2309317 1.898225 1
-0.2516263 -0.4760654 1.875055 1
-0.2115382 -0.564892 1.871809 1
0.05250905 0.03816327 1.996119 1
0.1837236 -0.2387426 1.951919 1
0.1221766 -0.5131217 1.948483 1
0.1289176 -0.5459591 1.870601 1
-0.02479444 0.1087063 1.988646 1
-0.02748805 0.1766093 2.014367 1
-0.02593695 0.5193352 1.981672 1
-0.01980047 0.6966332 1.978326 1
-0.188023 0.4089257 1.961921 1
-0.2331517 0.1647447 1.951692 1
-0.2468616 0.0216866 1.824402 1
-0.2405847 -0.003972969 1.80516 1
0.1340721 0.405181 1.990138 1
0.2014553 0.173921 1.973236 1
0.2552546 0.01166159 1.892707 1
0.2683517 -0.02020452 1.866189 1
-0.09976508 0.03632395 1.98099 1
-0.2344164 -0.232754 1.903019 1
-0.2554742 -0.4777296 1.878759 1
-0.2226048 -0.5684597 1.893409 1
0.04985343 0.03623235 1.996663 1
0.1838346 -0.2393904 1.953885 1
0.1229543 -0.5112431 1.950201 1
0.1297845 -0.5440835 1.872235 1
-0.02568582 0.1041371 1.989545 1
-0.02781843 0.1726578 2.013641 1
-0.02339774 0.5173172 1.985415 1
-0.01879073 0.6942258 1.979775 1
-0.1868218 0.4063096 1.962819 1
-0.239215 0.1679189 1.941024 1
-0.2559451 0.02243572 1.817139 1
-0.248492 -0.00519796 1.797848 1
0.1352077 0.4020171 1.993043 1
0.2039102 0.1778223 1.973086 1
0.2666075 0.01999246 1.889678 1
0.2859888 -0.0459391 1.850963 1
-0.1008468 0.03148698 1.98104 1
-0.2214648 -0.2605872 1.903713 1
-0.2547669 -0.4816476 1.879895 1
-0.2207235 -0.5650194 1.898948 1
0.04815063 0.03163567 1.996778 1
0.1529725 -0.2563633 1.947666 1
0.1214423 -0.5138536 1.946978 1
0.1287502 -0.5464708 1.868948 1
-0.02615509 0.09446991 1.990089 1
-0.02814838 0.16382 2.013034 1
-0.02250766 0.5127674 1.987744 1
-0.01687647 0.688234 1.983836 1
-0.1854568 0.4006729 1.964565 1
-0.2471118 0.1748707 1.93199 1
-0.2611047 0.02366728 1.81553 1
-0.2563356 -0.007354086 1.79365 1
0.135654 0.3982883 1.998083 1
0.2084458 0.1866374 1.974567 1
0.2723902 0.0298328 1.889937 1
0.2928709 -0.03557682 1.850841 1
-0.1017302 0.0215223 1.980252 1
-0.1837982 -0.2993198 1.884341 1
-0.2096175 -0.5202439 1.881775 1
-0.2015342 -0.5527341 1.803746 1
0.047753 0.02265514 1.99705 1
0.1026174 -0.3025438 1.922144 1
0.0999575 -0.5355955 1.935576 1
0.1080408 -0.5680857 1.857548 1
-0.02406234 0.08656052 1.988381 1
-0.02651996 0.1565585 2.011014 1
-0.02173933 0.5090032 1.989927 1
-0.01503078 0.6841762 1.986767 1
-0.184304 0.3974774 1.965914 1
-0.2538268 0.1829794 1.931865 1
-0.2698587 0.03055328 1.817473 1
-0.2683721 -0.005977941 1.79058 1
0.1364649 0.3966919 2.002651 1
0.2102467 0.18829 1.975619 1
0.2788806 0.03389952 1.890059 1
0.2989445 -0.03115135 1.850071 1
-0.1000567 0.01439418 1.977045 1
-0.1460084 -0.3681967 1.87545 1
-0.189503 -0.5850338 1.883867 1
-0.1332166 -0.5441276 1.86463 1
0.05109017 0.01311515 1.994876 1
0.06427252 -0.3736292 1.917622 1
0.09582993 -0.5906374 1.936863 1
0.02466799 -0.5939079 1.925165 1
-0.02347192 0.08421364 1.987212 1
-0.02595861 0.1541823 2.009142 1
-0.02112652 0.5073602 1.990258 1
-0.01265201 0.6809525 1.988698 1
-0.1836413 0.3964854 1.966334 1
-0.2614923 0.1942101 1.939687 1
-0.2849209 0.04242833 1.825768 1
-0.2863544 -0.0201136 1.777512 1
0.1366166 0.3956198 2.005058 1
0.2166624 0.1967105 1.982199 1
0.2822695 0.04291514 1.892723 1
0.3016811 -0.02190441 1.851934 1
-0.09956059 0.01215116 1.975027 1
-0.106368 -0.3699107 1.880925 1
-0.1521796 -0.5873896 1.881328 1
-0.193213 -0.5339056 1.855449 1
0.05172206 0.01101066 1.993984 1
0.05694187 -0.3752403 1.917247 1
0.05000371 -0.597131 1.919838 1
0.05932353 -0.5261269 1.910589 1
-0.02321595 0.08290361 1.987466 1
-0.02555231 0.153121 2.00841 1
-0.01996076 0.5070671 1.990175 1
-0.01185832 0.6803504 1.988775 1
-0.1829094 0.3965051 1.96614 1
-0.2735274 0.2025619 1.94658 1
-0.3059946 0.05054961 1.835554 1
-0.310132 -0.01328976 1.789081 1
0.1365578 0.3952948 2.006097 1
0.2216115 0.2061387 1.988931 1
0.2875018 0.05214563 1.900123 1
0.3065265 -0.01151029 1.857248 1
-0.09945757 0.01148494 1.975133 1
-0.1067148 -0.3744478 1.885218 1
-0.1499736 -0.5928031 1.882823 1
-0.1735004 -0.5316007 1.852547 1
0.0517812 0.009779867 1.994506 1
0.05741673 -0.3759095 1.924118 1
0.04493492 -0.5978462 1.924708 1
0.06733963 -0.5294754 1.918435 1
-0.0235968 0.08338939 1.989486 1
-0.0257783 0.153655 2.007947 1
-0.01956755 0.5073164 1.987511 1
-0.01016345 0.6814114 1.988001 1
-0.1821594 0.3978749 1.963985 1
-0.2882507 0.2188362 1.95503 1
-0.3300593 0.06335752 1.853405 1
-0.3400615 0.01375754 1.81886 1
0.136505 0.396349 2.007096 1
0.2248783 0.2122511 1.993424 1
0.2965424 0.05935365 1.907726 1
0.3169989 -0.004410833 1.865586 1
-0.1000292 0.01253275 1.977918 1
-0.1252658 -0.3684986 1.889453 1
-0.1477731 -0.5903586 1.883131 1
-0.08001518 -0.5653742 1.884566 1
0.05099585 0.01011996 1.999545 1
0.08173995 -0.3707274 1.949414 1
0.04603464 -0.5915613 1.927074 1
0.1062046 -0.5527307 1.936517 1
-0.0266372 0.08664072 1.9958 1
-0.02746296 0.1562905 2.008652 1
-0.01868125 0.5073966 1.97951 1
-0.008067548 0.6811863 1.98384 1
-0.1818862 0.399808 1.95917 1
-0.2995704 0.2241641 1.956451 1
-0.3702407 0.07184273 1.868671 1
-0.3875772 0.02065425 1.839852 1
0.1362189 0.3962887 2.006683 1
0.2262863 0.2150409 1.996577 1
0.3046073 0.06354018 1.914947 1
0.3356655 0.001063604 1.877548 1
-0.1039737 0.01684645 1.986968 1
-0.1617143 -0.3920781 1.898318 1
-0.1661567 -0.5404463 1.882906 1
-0.1260368 -0.6004488 1.885914 1
0.04576756 0.01422752 2.011622 1
0.107992 -0.304355 1.975863 1
0.09283865 -0.5479106 1.961475 1
0.05798336 -0.6072683 1.939549 1
-0.02993202 0.09166569 2.000874 1
-0.02975686 0.1602595 2.00944 1
-0.01714838 0.5065145 1.972235 1
-0.00629421 0.6797658 1.976663 1
-0.1812234 0.3999481 1.950276 1
-0.3181987 0.2290806 1.95517 1
-0.3947183 0.0748678 1.877661 1
-0.4163211 0.02664454 1.854594 1
0.1355919 0.3955404 2.004778 1
0.2296363 0.2179227 1.999574 1
0.3191685 0.06858923 1.927504 1
0.3562003 0.006947078 1.894335 1
-0.1071938 0.02260412 1.993358 1
-0.2099837 -0.254974 1.894691 1
-0.2096352 -0.5143324 1.877014 1
-0.1761253 -0.5783006 1.879476 1
0.0406339 0.01933763 2.018996 1
0.1558787 -0.2701542 2.000549 1
0.09679668 -0.5464635 1.96192 1
0.1095774 -0.5816317 1.885591 1
-0.03132829 0.09201004 2.002406 1
-0.03078021 0.1606393 2.008555 1
-0.01678597 0.5027315 1.966823 1
-0.003712591 0.6703807 1.963417 1
-0.18159 0.3955915 1.941123 1
-0.3312887 0.2274776 1.949705 1
-0.440179 0.07577696 1.887689 1
-0.4638989 0.02359064 1.874802 1
0.1354509 0.3901469 2.000201 1
0.2344463 0.2172612 2.00236 1
0.3327323 0.06983618 1.940131 1
0.3719647 0.008766308 1.908434 1
-0.1083924 0.02269751 1.994714 1
-0.2295189 -0.248074 1.898553 1
-0.227545 -0.4971639 1.866435 1
-0.1942328 -0.5611164 1.871205 1
0.03841244 0.01908964 2.022074 1
0.1647225 -0.2667891 2.008502 1
0.1031055 -0.5404832 1.972298 1
0.1168083 -0.5764087 1.896471 1
-0.03272096 0.09137242 2.002791 1
-0.03220972 0.1598864 2.00693 1
-0.01750931 0.4935091 1.958448 1
-0.002970156 0.6651098 1.957119 1
-0.1841876 0.3853363 1.932483 1
-0.3567312 0.2187229 1.940821 1
-0.4614857 0.07186174 1.891776 1
-0.4961197 0.02608642 1.892256 1
0.136679 0.3851036 1.998061 1
0.2406242 0.2146838 2.004794 1
0.3437064 0.06788546 1.951066 1
0.3892457 0.007736392 1.92688 1
-0.1102909 0.0212519 1.994862 1
-0.2330394 -0.248871 1.899351 1
-0.2350549 -0.4951918 1.867068 1
-0.2201225 -0.5320716 1.792023 1
0.03640862 0.01703714 2.024085 1
0.1690748 -0.2641165 2.010336 1
0.1114238 -0.5259751 1.98416 1
0.1263561 -0.5628549 1.909115 1
-0.03505749 0.08714812 2.003423 1
-0.03426163 0.1553994 2.005516 1
-0.01754719 0.4875151 1.954836 1
-0.002420744 0.6567894 1.951656 1
-0.1846601 0.3784589 1.928357 1
-0.3560024 0.2194577 1.939827 1
-0.4733897 0.08119762 1.895899 1
-0.5098794 0.03823448 1.897264 1
0.1375854 0.3781297 1.996518 1
0.248397 0.2076889 2.006279 1
0.3539068 0.06108707 1.958321 1
0.4010575 0.0004767254 1.938748 1
-0.11263 0.01631699 1.995652 1
-0.2296313 -0.2556137 1.898213 1
-0.236857 -0.4967046 1.867094 1
-0.2214955 -0.5340682 1.792453 1
0.03349731 0.01109623 2.025758 1
0.1646867 -0.2674738 2.003072 1
0.113351 -0.5278047 1.981837 1
0.1287124 -0.5651684 1.907196 1
-0.03636167 0.082629 2.00385 1
-0.03521921 0.1510212 2.004189 1
-0.01741604 0.4843695 1.952822 1
-0.001383851 0.654831 1.949356 1
-0.1842367 0.3771383 1.927387 1
-0.3557663 0.2192207 1.939484 1
-0.477369 0.08404489 1.89818 1
-0.5173804 0.04334779 1.900192 1
0.1375451 0.376095 1.996375 1
0.2507398 0.2041548 2.008729 1
0.3610193 0.05908088 1.970105 1
0.4066193 -0.0029511 1.951259 1
-0.1142931 0.01169412 1.997161 1
-0.1926755 -0.2861348 1.893505 1
-0.2230746 -0.5129466 1.868904 1
-0.2075565 -0.5505907 1.79442 1
0.03289858 0.007655616 2.025674 1
0.1151378 -0.2941984 1.963801 1
0.1150625 -0.5384525 1.964195 1
0.1305806 -0.5760966 1.88971 1
-0.03607338 0.08064342 2.003294 1
-0.0348749 0.1493561 2.002453 1
-0.01746877 0.4842804 1.952119 1
-0.0009783618 0.6546556 1.947746 1
-0.183749 0.3772129 1.926884 1
-0.353407 0.2190758 1.941942 1
-0.4747935 0.08354494 1.901312 1
-0.5152621 0.04585371 1.900676 1
0.1376094 0.3763995 1.996579 1
0.2496259 0.2039414 2.012301 1
0.359308 0.05742961 1.979752 1
0.406139 -0.005367108 1.967555 1
-0.1143227 0.009291057 1.996678 1
-0.1549061 -0.3303774 1.895106 1
-0.1849417 -0.5519422 1.8758 1
-0.1692456 -0.5895834 1.801335 1
0.03400875 0.006217969 2.024952 1
0.08844421 -0.3204505 1.935826 1
0.1042043 -0.5410362 1.945349 1
0.1199005 -0.5786775 1.870883 1
-0.03527713 0.08124094 2.000164 1
-0.03418982 0.1500657 1.998803 1
-0.01780377 0.4876518 1.950663 1
8.967367E-05 0.657411 1.945884 1
-0.1819615 0.3823453 1.926139 1
-0.345417 0.2220763 1.952789 1
-0.4484103 0.07261056 1.909463 1
-0.4848779 0.04238493 1.897716 1
0.1375591 0.3810668 1.996508 1
0.2452739 0.2083037 2.018584 1
0.3480369 0.05606525 1.993114 1
0.3925798 -0.008141451 1.979547 1
-0.1135793 0.01045856 1.992835 1
-0.1243837 -0.3628241 1.906698 1
-0.1785647 -0.5798673 1.883944 1
-0.2367774 -0.572158 1.841963 1
0.03626852 0.00704948 2.02002 1
0.05109201 -0.3718371 1.925722 1
0.08898804 -0.5912507 1.923187 1
0.1049286 -0.6286788 1.848642 1
-0.03502754 0.08793686 1.995021 1
-0.03390045 0.1571733 1.993118 1
-0.01823911 0.4994959 1.948331 1
0.001111539 0.6749761 1.943898 1
-0.1793102 0.3968299 1.924952 1
-0.3187125 0.2377121 1.976997 1
-0.4108789 0.0843394 1.921158 1
-0.4280632 0.03530033 1.903475 1
0.1361691 0.3954723 1.993699 1
0.2363988 0.2118899 2.024199 1
0.3321281 0.05463512 2.007374 1
0.3707464 -0.01294722 1.992092 1
-0.1133332 0.01743653 1.986457 1
-0.1100405 -0.3350494 1.924027 1
-0.15282 -0.5540414 1.885083 1
-0.1771832 -0.6103868 1.847091 1
0.03714425 0.01577311 2.01416 1
0.01677585 -0.3223731 1.933162 1
0.02916313 -0.545637 1.906465 1
0.06944559 -0.5848424 1.957066 1
-0.03492764 0.09402347 1.994284 1
-0.03339032 0.1642431 1.991538 1
-0.01592173 0.5127082 1.947998 1
0.0004157263 0.6826783 1.942271 1
-0.1767435 0.40764 1.923867 1
-0.3115852 0.239285 1.978492 1
-0.3843623 0.07397373 1.930201 1
-0.4004276 0.02944039 1.917054 1
0.135708 0.4079647 1.991602 1
0.2255294 0.2186631 2.02778 1
0.3138792 0.05709867 2.018813 1
0.3337867 -0.0005019014 2.010506 1
-0.112988 0.02440373 1.985475 1
-0.124415 -0.3540884 1.934058 1
-0.153246 -0.5746357 1.886262 1
-0.1129431 -0.5147255 1.885884 1
0.03669226 0.02206811 2.013772 1
0.02905162 -0.3656824 1.953233 1
0.03333651 -0.5892798 1.924867 1
0.07705344 -0.6052898 1.980059 1
-0.03559104 0.1000309 1.997477 1
-0.03395285 0.170301 1.993075 1
-0.0173683 0.5195281 1.946099 1
0.0003727783 0.6889181 1.940915 1
-0.1757944 0.4118338 1.923248 1
-0.3052798 0.2388746 1.980834 1
-0.3767734 0.07190226 1.937908 1
-0.3917305 0.02659798 1.927512 1
0.134589 0.4155937 1.988425 1
0.2204177 0.2195525 2.029762 1
0.3037018 0.05573921 2.030042 1
0.3214311 -0.006229283 2.019569 1
-0.1127571 0.03222 1.990438 1
-0.1689461 -0.3051355 1.943057 1
-0.157461 -0.5383451 1.904227 1
-0.1421064 -0.5758482 1.829558 1
0.03535921 0.0287373 2.018129 1
0.04809356 -0.3452162 1.963628 1
0.04340352 -0.5686209 1.946756 1
-0.01730751 -0.605801 1.934648 1
-0.03740682 0.1103905 2.002208 1
-0.03513108 0.1791147 1.995596 1
-0.01734513 0.5223922 1.944761 1
-1.428692E-05 0.6922751 1.939683 1
-0.1748863 0.4144385 1.923137 1
-0.2977918 0.2409154 1.983615 1
-0.3702853 0.07289785 1.950034 1
-0.3911214 0.02546851 1.930913 1
0.1342191 0.417901 1.985535 1
0.2181358 0.220103 2.03096 1
0.2979118 0.05548905 2.040485 1
0.3125061 -0.003941084 2.033404 1
-0.114238 0.04457086 1.99739 1
-0.1991798 -0.2574008 1.928767 1
-0.1822747 -0.5339987 1.920792 1
-0.155292 -0.5958288 1.895004 1
0.03237935 0.03921406 2.02375 1
0.07632605 -0.2700399 1.968025 1
0.07018068 -0.5413431 1.960913 1
0.08492112 -0.5795726 1.886477 1
-0.03812785 0.1131037 2.0029 1
-0.03543374 0.1811469 1.99541 1
-0.01701787 0.5223296 1.94402 1
-0.0001380617 0.6925676 1.939427 1
-0.1745559 0.4148187 1.923134 1
-0.2974573 0.2408609 1.985685 1
-0.3747564 0.074505 1.956115 1
-0.3965758 0.02615551 1.935581 1
0.1341657 0.4174574 1.983293 1
0.2180966 0.219728 2.031469 1
0.2990473 0.05710134 2.049951 1
0.3166301 -0.005779378 2.047971 1
-0.1149097 0.04730527 1.998968 1
-0.2304853 -0.2303102 1.918929 1
-0.2283379 -0.5007246 1.896414 1
-0.2141117 -0.5391525 1.821966 1
0.03109622 0.04207862 2.024078 1
0.1291215 -0.2464507 1.965317 1
0.07879838 -0.5437484 1.966763 1
0.09302453 -0.5821762 1.892314 1
-0.03805837 0.1125787 2.002851 1
-0.035229 0.1804798 1.994847 1
-0.01718794 0.5190398 1.943239 1
-0.0005130071 0.6904506 1.938098 1
-0.1744025 0.4092605 1.924125 1
-0.3092568 0.227788 1.996852 1
-0.4009596 0.06912498 1.964987 1
-0.4296054 0.02390373 1.945125 1
0.1352167 0.4102547 1.979766 1
0.2265273 0.2122506 2.035252 1
0.3103613 0.05259772 2.061022 1
0.3380221 -0.003726998 2.064231 1
-0.1145986 0.04612397 1.999749 1
-0.2362435 -0.2282221 1.917472 1
-0.2540509 -0.4637224 1.881183 1
-0.2135877 -0.5512427 1.897267 1
0.03113076 0.04111924 2.023134 1
0.1427013 -0.2430011 1.968551 1
0.08923399 -0.5395523 1.972512 1
0.1200261 -0.6026139 1.989703 1
-0.03816257 0.1035002 2.000333 1
-0.03522536 0.1714775 1.992654 1
-0.01728763 0.5078765 1.944162 1
-0.003116724 0.6771 1.9361 1
-0.1767224 0.3970214 1.929547 1
-0.3211324 0.2188607 2.00344 1
-0.4277127 0.07007635 1.969051 1
-0.4544104 0.03272878 1.957 1
0.135258 0.3966636 1.977414 1
0.2319854 0.2090532 2.036735 1
0.323855 0.05483352 2.066394 1
0.3688929 -0.0103901 2.071099 1
-0.1142903 0.03567004 1.998705 1
-0.2428751 -0.2346825 1.913821 1
-0.2571276 -0.4643014 1.880215 1
-0.2205094 -0.5531983 1.897981 1
0.03056447 0.02973491 2.016635 1
0.1533003 -0.2502814 1.966653 1
0.1080052 -0.5338273 1.960528 1
0.1192991 -0.5719783 1.885395 1
-0.03987677 0.09012177 1.993795 1
-0.03664064 0.1585886 1.987537 1
-0.01787832 0.496416 1.946314 1
-0.006277749 0.6665305 1.936726 1
-0.1798806 0.3879462 1.936881 1
-0.3321494 0.2141227 2.006728 1
-0.4518416 0.07506958 1.976049 1
-0.5047067 0.03116756 1.975049 1
0.1359372 0.3864843 1.980555 1
0.2366828 0.2052192 2.038167 1
0.3399265 0.05760784 2.065254 1
0.3832161 -0.008907042 2.068647 1
-0.1160611 0.02092738 1.992294 1
-0.241179 -0.2508459 1.907191 1
-0.2586044 -0.475227 1.877979 1
-0.2297004 -0.5529339 1.889481 1
0.02818441 0.0140827 2.005776 1
0.1559434 -0.2640002 1.959373 1
0.1114998 -0.5325644 1.956146 1
0.1217612 -0.569764 1.880426 1
-0.03989135 0.08366201 1.988926 1
-0.03680506 0.1526162 1.983959 1
-0.01876265 0.4918295 1.949388 1
-0.008088658 0.6624858 1.938548 1
-0.1818212 0.3858875 1.941087 1
-0.3361666 0.213205 2.009419 1
-0.4583499 0.07619447 1.97941 1
-0.508801 0.03800933 1.980555 1
0.1350004 0.3811433 1.985321 1
0.2396992 0.2028967 2.039845 1
0.3528455 0.0615942 2.062838 1
0.4087228 0.005531091 2.055874 1
-0.1163173 0.01344702 1.985077 1
-0.2147394 -0.2827605 1.893267 1
-0.2510243 -0.5032755 1.877046 1
-0.2197828 -0.5667671 1.89131 1
0.02890573 0.008007091 2.000064 1
0.1186565 -0.2874173 1.933555 1
0.1103449 -0.5364689 1.951826 1
0.1206973 -0.5728001 1.875768 1
-0.03941808 0.08317487 1.986287 1
-0.0366462 0.1522661 1.982206 1
-0.01981204 0.4928768 1.951856 1
-0.008409414 0.663162 1.941121 1
-0.1817229 0.3888477 1.943737 1
-0.3362673 0.2174551 2.014598 1
-0.4592974 0.08005565 1.998719 1
-0.4934083 0.05902868 1.993827 1
0.1350896 0.3832207 1.99215 1
0.2400794 0.2043243 2.040538 1
0.3556749 0.06359313 2.057565 1
0.4040593 0.01892022 2.047148 1
-0.1159132 0.01257351 1.978723 1
-0.1814743 -0.3101628 1.884141 1
-0.2154147 -0.5304605 1.876876 1
-0.2040859 -0.5662768 1.800692 1
0.0301649 0.008028916 1.9977 1
0.09239152 -0.3141331 1.918239 1
0.1043289 -0.5444802 1.944824 1
0.1156577 -0.5802966 1.86864 1
-0.03716591 0.08757304 1.980944 1
-0.03491332 0.1570361 1.978071 1
-0.02028421 0.5095935 1.958973 1
-0.005893761 0.6791545 1.948988 1
-0.1801168 0.4064636 1.948289 1
-0.3107898 0.2485537 2.034946 1
-0.4228502 0.1026039 2.009418 1
-0.4604617 0.06613302 2.007959 1
0.1333228 0.4003568 1.999761 1
0.2326269 0.2198009 2.042305 1
0.3467742 0.07563683 2.044866 1
0.4013589 0.01884976 2.034024 1
-0.1130436 0.0200055 1.97021 1
-0.1506198 -0.3680821 1.893264 1
-0.2033412 -0.5850326 1.881245 1
-0.1329473 -0.5791502 1.896249 1
0.03377234 0.01308516 1.991127 1
0.05816657 -0.3787344 1.924733 1
0.09699385 -0.5963436 1.934242 1
0.08751494 -0.5316093 1.90367 1
-0.03527772 0.1122998 1.971026 1
-0.03357058 0.1830657 1.970964 1
-0.02136298 0.5387271 1.965959 1
-0.004745914 0.7033915 1.954448 1
-0.1778693 0.4305691 1.949193 1
-0.3026253 0.2582571 2.041713 1
-0.3975525 0.1002079 2.021724 1
-0.4054706 0.06678529 2.014242 1
0.1325263 0.4329853 2.006524 1
0.2263727 0.2320861 2.043463 1
0.3340789 0.08247799 2.039322 1
0.3738017 0.03101411 2.022995 1
-0.1109058 0.04431337 1.9568 1
-0.1106407 -0.3247988 1.915126 1
-0.1566814 -0.5524577 1.890507 1
-0.1953253 -0.6095675 1.869026 1
0.03604211 0.0406277 1.981239 1
0.01691035 -0.3150778 1.940752 1
0.03446306 -0.5466175 1.927554 1
0.04832215 -0.5796039 1.850485 1
-0.0370778 0.1297314 1.968638 1
-0.03532061 0.2001222 1.970025 1
-0.0220325 0.5528275 1.967348 1
-0.00394943 0.7114409 1.955828 1
-0.1752938 0.4497368 1.948904 1
-0.2900379 0.2721603 2.046531 1
-0.378643 0.110394 2.027532 1
-0.3890172 0.06880689 2.025359 1
0.1327655 0.4445089 2.0061 1
0.2182359 0.2453326 2.043544 1
0.3117005 0.08623749 2.035381 1
0.3377235 0.03112649 2.011855 1
-0.1125725 0.06151728 1.952939 1
-0.1193758 -0.313762 1.932277 1
-0.1493551 -0.5520048 1.89262 1
-0.1353756 -0.5846792 1.815428 1
0.033622 0.05741151 1.979998 1
0.008724238 -0.3102813 1.944873 1
0.02805642 -0.5419105 1.928535 1
0.0420359 -0.5745849 1.851343 1
-0.04026838 0.1384225 1.970401 1
-0.03798608 0.2088316 1.972 1
-0.02182644 0.5619262 1.967467 1
-0.004339258 0.7145243 1.955163 1
-0.1748202 0.4583892 1.948075 1
-0.2864394 0.2741247 2.048083 1
-0.3734156 0.1112869 2.037036 1
-0.3871877 0.0710333 2.035291 1
0.1328312 0.4583269 2.003595 1
0.2135254 0.2509297 2.042788 1
0.3008534 0.08832836 2.034636 1
0.3254932 0.02950772 2.011837 1
-0.1161369 0.07070164 1.954864 1
-0.1424407 -0.3091048 1.953934 1
-0.1551924 -0.5381924 1.907183 1
-0.1416169 -0.5710604 1.82999 1
0.0293572 0.0660951 1.982578 1
0.01458954 -0.3101412 1.952565 1
0.02956948 -0.5396671 1.937514 1
0.043145 -0.572535 1.860321 1
-0.04202682 0.1428365 1.973499 1
-0.03942291 0.2135525 1.974448 1
-0.02196335 0.5690621 1.966448 1
-0.005055515 0.7186842 1.954904 1
-0.1737286 0.4612441 1.946841 1
-0.2844745 0.2765696 2.049393 1
-0.3753761 0.1160551 2.045745 1
-0.3925313 0.07915791 2.046358 1
0.1317042 0.4648767 1.999116 1
0.210431 0.2545351 2.040612 1
0.2946015 0.09027199 2.034299 1
0.3142752 0.02384691 2.012601 1
-0.1174008 0.07643481 1.959338 1
-0.1856894 -0.2790341 1.953222 1
-0.1750468 -0.5389423 1.928656 1
-0.1647919 -0.6000364 1.89147 1
0.02608692 0.07150672 1.986839 1
0.03880056 -0.2974933 1.957368 1
0.03599883 -0.5393651 1.961654 1
0.03644763 -0.598199 1.919715 1
-0.04281688 0.1465095 1.976256 1
-0.03959004 0.2168363 1.97596 1
-0.02003415 0.5713927 1.96522 1
-0.005708145 0.7214066 1.954261 1
-0.1728451 0.462232 1.945825 1
-0.2845089 0.2794381 2.050445 1
-0.3836628 0.1250467 2.059532 1
-0.4094707 0.0864341 2.061752 1
0.1318263 0.4663806 1.995317 1
0.2108089 0.2532596 2.038346 1
0.2920966 0.08754973 2.033682 1
0.3138168 0.02006793 2.013778 1
-0.1183911 0.08174133 1.963622 1
-0.1983609 -0.246369 1.937388 1
-0.1918175 -0.5377306 1.93354 1
-0.1801743 -0.6019494 1.902517 1
0.02454513 0.07467338 1.989939 1
0.06942837 -0.2616077 1.946401 1
0.04951471 -0.5492653 1.98227 1
0.04615217 -0.5970204 1.928139 1
-0.04322384 0.1469728 1.977605 1
-0.03958296 0.2171275 1.976207 1
-0.01969272 0.5708318 1.963637 1
-0.006470576 0.72129 1.953989 1
-0.1738861 0.4616434 1.945628 1
-0.2886993 0.2822383 2.052388 1
-0.4011996 0.1381499 2.067121 1
-0.4348198 0.09077031 2.071628 1
0.1315612 0.456288 1.982911 1
0.216426 0.2430322 2.030247 1
0.2976227 0.07769254 2.032733 1
0.3241672 0.009168825 2.014845 1
-0.1198592 0.08208372 1.968635 1
-0.2146831 -0.2269676 1.925185 1
-0.2092179 -0.5266797 1.924414 1
-0.1999128 -0.5605043 1.846957 1
0.02445739 0.07473113 1.990303 1
0.08552772 -0.2448225 1.940912 1
0.07054588 -0.5394144 1.965652 1
0.0538089 -0.6063752 1.944203 1
-0.04391594 0.1433899 1.978248 1
-0.0400925 0.2133025 1.975889 1
-0.02039862 0.5610515 1.957112 1
-0.007589689 0.7193546 1.953688 1
-0.180383 0.4485176 1.944424 1
-0.3043231 0.2797329 2.057014 1
-0.4238819 0.1402094 2.064986 1
-0.4660194 0.0896602 2.067931 1
0.1311065 0.4381137 1.968344 1
0.2237495 0.2285908 2.016584 1
0.3085996 0.06593569 2.026994 1
0.3462601 -0.003092133 2.014159 1
-0.1211509 0.07581934 1.972623 1
-0.2278396 -0.2232608 1.9157 1
-0.2300321 -0.5102986 1.901713 1
-0.2241121 -0.5447146 1.824161 1
0.02407119 0.06980914 1.989242 1
0.1160045 -0.236261 1.935978 1
0.08091067 -0.5321825 1.964233 1
0.07990316 -0.6016963 1.944404 1
-0.0470739 0.1232209 1.976245 1
-0.04307949 0.1915745 1.972776 1
-0.02237455 0.5323665 1.95059 1
-0.0100161 0.7114644 1.951494 1
-0.1863633 0.4240296 1.942303 1
-0.3264843 0.2637305 2.049521 1
-0.45316 0.1310513 2.060535 1
-0.499153 0.08492375 2.062663 1
0.1297389 0.4129017 1.954671 1
0.2283048 0.2129835 2.008086 1
0.3213887 0.05393491 2.015111 1
0.3557435 -0.0152071 2.007464 1
-0.1247018 0.05586319 1.974764 1
-0.2358503 -0.2266169 1.90976 1
-0.2497839 -0.4891326 1.87994 1
-0.2226773 -0.560851 1.900793 1
0.02123736 0.04627881 1.982171 1
0.1381643 -0.2451848 1.935627 1
0.1033379 -0.5326101 1.942995 1
0.1141707 -0.5961059 1.975747 1
-0.04691869 0.09957714 1.971316 1
-0.04305483 0.1680323 1.967441 1
-0.02334312 0.5099068 1.945711 1
-0.01527999 0.6796201 1.942722 1
-0.1900293 0.4043436 1.943777 1
-0.3347653 0.2515701 2.044791 1
-0.4669201 0.1240865 2.054724 1
-0.5164705 0.08194485 2.0559 1
0.1286006 0.3936484 1.950915 1
0.2306168 0.1977084 2.004122 1
0.3314931 0.0365205 2.001876 1
0.3741671 -0.02709908 1.991984 1
-0.1240993 0.03084205 1.971257 1
-0.2435834 -0.2465177 1.898547 1
-0.2534227 -0.4860278 1.874119 1
-0.2515513 -0.5207427 1.796609 1
0.02179533 0.02446267 1.976128 1
0.1438323 -0.2566249 1.933001 1
0.1126041 -0.5274389 1.933075 1
0.1144755 -0.5621538 1.855565 1
-0.04640657 0.0851257 1.967074 1
-0.04289423 0.1535396 1.963178 1
-0.02493398 0.494965 1.943099 1
-0.01669951 0.6672624 1.940787 1
-0.190698 0.3918135 1.944489 1
-0.3428047 0.2324669 2.0392 1
-0.4790718 0.1092648 2.048914 1
-0.52221 0.07796049 2.046206 1
0.1280012 0.3826217 1.952865 1
0.2289325 0.1846673 2.008785 1
0.3326505 0.03146984 1.99889 1
0.3741475 -0.02655358 1.986305 1
-0.1225087 0.01633825 1.966296 1
-0.2401107 -0.26022 1.887184 1
-0.2534503 -0.483545 1.866302 1
-0.2512691 -0.5181112 1.788715 1
0.02209334 0.01027772 1.971957 1
0.1436568 -0.2698005 1.920208 1
0.1157186 -0.5266129 1.926188 1
0.1178998 -0.5611791 1.848601 1
-0.04543642 0.07715969 1.9643 1
-0.04224319 0.1460134 1.960374 1
-0.02561974 0.4895234 1.941584 1
-0.01806039 0.6564327 1.936939 1
-0.1918475 0.3843414 1.944315 1
-0.3417151 0.2268515 2.036917 1
-0.4700043 0.09400636 2.036784 1
-0.5330487 0.04553172 2.030333 1
0.1269951 0.3769074 1.953068 1
0.2204971 0.1716467 2.019571 1
0.3272965 0.02064759 2.000356 1
0.377789 -0.03741078 1.979244 1
-0.121278 0.007376516 1.96172 1
-0.2247627 -0.2807142 1.870959 1
-0.2487237 -0.5027822 1.856369 1
-0.2266257 -0.5673745 1.879783 1
0.02352048 0.002864125 1.970335 1
0.1286024 -0.2842491 1.901355 1
0.1163569 -0.5199026 1.911252 1
0.1186432 -0.5543129 1.833663 1
-0.04499691 0.07607154 1.963026 1
-0.04196667 0.1448537 1.958748 1
-0.02644832 0.4879361 1.939406 1
-0.01865561 0.655926 1.936189 1
-0.1920529 0.3837392 1.943974 1
-0.3362392 0.2261896 2.035591 1
-0.4496278 0.08007927 2.0315 1
-0.4643354 0.04201614 2.004549 1
0.1263088 0.375919 1.953352 1
0.2107132 0.1720598 2.026504 1
0.3067329 0.01378199 2.015295 1
0.352036 -0.0437241 1.983488 1
-0.1209414 0.005763231 1.959156 1
-0.198145 -0.3014916 1.854149 1
-0.2180417 -0.5274737 1.849133 1
-0.2156146 -0.5619801 1.771573 1
0.0242927 0.002275423 1.970001 1
0.09765847 -0.2980523 1.883684 1
0.1083638 -0.5245247 1.90241 1
0.1107909 -0.559031 1.824849 1
-0.04442855 0.07619783 1.962061 1
-0.04155305 0.1451671 1.957375 1
-0.02734204 0.490149 1.936287 1
-0.01929538 0.6563887 1.933791 1
-0.1919815 0.3852615 1.942259 1
-0.3292985 0.2287178 2.037106 1
-0.4328383 0.0753476 2.031643 1
-0.4299264 0.02982707 2.014195 1
0.1253559 0.3781031 1.953531 1
0.1993135 0.1764456 2.036557 1
0.2965173 0.02046406 2.046846 1
0.3298087 -0.04506843 2.015647 1
-0.120463 0.00605143 1.95728 1
-0.1662922 -0.3532735 1.857189 1
-0.204913 -0.5721175 1.857287 1
-0.2020456 -0.6068389 1.779819 1
0.02558934 0.002629311 1.969828 1
0.06211605 -0.3346237 1.875358 1
0.09618774 -0.5517139 1.892222 1
0.0990551 -0.5864353 1.814754 1
-0.0434425 0.08294074 1.958831 1
-0.04125817 0.1522092 1.953215 1
-0.03099741 0.4989544 1.928144 1
-0.02187147 0.6658645 1.925557 1
-0.19148 0.394019 1.93565 1
-0.3205482 0.2417357 2.038736 1
-0.4152636 0.08313875 2.039981 1
-0.4157489 0.03942543 2.029639 1
0.1204806 0.3953588 1.953019 1
0.1957988 0.1952173 2.049863 1
0.2874786 0.0398576 2.079571 1
0.3074335 -0.01453199 2.047112 1
-0.119183 0.0134718 1.954055 1
-0.1337614 -0.325702 1.873358 1
-0.1493933 -0.5485803 1.857968 1
-0.2139977 -0.5807542 1.855591 1
0.02800636 0.01178868 1.96787 1
0.04223709 -0.3478757 1.879825 1
0.05331671 -0.5704089 1.874423 1
0.05772921 -0.6056142 1.797231 1
-0.04467154 0.09433614 1.956129 1
-0.04274471 0.1636084 1.94956 1
-0.03305004 0.5096555 1.921627 1
-0.02505667 0.6797587 1.916308 1
-0.1922853 0.4066466 1.928701 1
-0.3169282 0.25205 2.038207 1
-0.4112954 0.09456183 2.050807 1
-0.4164192 0.05600085 2.045465 1
0.1153446 0.413021 1.951433 1
0.1970866 0.2182987 2.061858 1
0.2866389 0.06450433 2.10108 1
0.315239 0.01265583 2.091904 1
-0.1205159 0.02520499 1.951114 1
-0.124975 -0.315855 1.888602 1
-0.1471075 -0.538214 1.859183 1
-0.1413025 -0.5738122 1.782265 1
0.02712357 0.0250771 1.967432 1
0.01589749 -0.3107751 1.899467 1
0.04963246 -0.5317287 1.876813 1
0.05543746 -0.567327 1.799895 1
-0.04496729 0.1049309 1.957181 1
-0.04307007 0.1731033 1.949025 1
-0.03322666 0.5165046 1.914756 1
-0.0257706 0.6847615 1.909715 1
-0.1925581 0.4172729 1.920842 1
-0.3178439 0.2619927 2.039278 1
-0.4228941 0.112814 2.059538 1
-0.444213 0.07360093 2.056185 1
0.115244 0.4236686 1.950233 1
0.2022762 0.2422714 2.073926 1
0.29596 0.09844911 2.131536 1
0.3316346 0.04900535 2.126334 1
-0.1211238 0.03674544 1.953846 1
-0.1369145 -0.3194973 1.903638 1
-0.1520255 -0.5421693 1.866485 1
-0.1446527 -0.5786119 1.79009 1
0.02711423 0.0350058 1.970296 1
0.03531533 -0.3349729 1.923847 1
0.03786206 -0.5578665 1.916747 1
0.03732635 -0.6172044 1.875587 1
-0.0459757 0.1132147 1.962843 1
-0.04365705 0.1803036 1.951869 1
-0.03202545 0.5225375 1.907085 1
-0.02569677 0.6872352 1.901963 1
-0.1929765 0.422453 1.915715 1
-0.3311469 0.2785198 2.040144 1
-0.4409596 0.1330916 2.061966 1
-0.4707569 0.09639859 2.054707 1
0.1148023 0.4269336 1.948012 1
0.2067502 0.2585614 2.079864 1
0.3066722 0.1242479 2.14723 1
0.3517267 0.07676355 2.151749 1
-0.1217987 0.04636555 1.963184 1
-0.1775332 -0.2879904 1.916494 1
-0.1630699 -0.5355667 1.880645 1
-0.155083 -0.573437 1.804999 1
0.02460767 0.04496985 1.979621 1
0.05774765 -0.2924902 1.942885 1
0.0602407 -0.5505873 1.961868 1
0.02485978 -0.6029224 1.926855 1
-0.04793749 0.1237681 1.969146 1
-0.04527863 0.189031 1.955355 1
-0.03274181 0.5246273 1.90158 1
-0.02610276 0.6875865 1.894436 1
-0.1935753 0.424674 1.912243 1
-0.3387006 0.2845824 2.034395 1
-0.4669167 0.1541023 2.052588 1
-0.5066128 0.1172601 2.048003 1
0.1140929 0.4308603 1.943006 1
0.2109361 0.2728201 2.080401 1
0.3176667 0.1462749 2.151693 1
0.3701587 0.1032204 2.168031 1
-0.1230364 0.05795294 1.973191 1
-0.2138383 -0.2456868 1.904673 1
-0.2052329 -0.5233771 1.892923 1
-0.1624099 -0.5792159 1.876611 1
0.0216113 0.05502441 1.987322 1
0.08291008 -0.2729825 1.952895 1
0.07108629 -0.5577876 1.967581 1
0.04664575 -0.6238508 1.951576 1
-0.04799677 0.1253087 1.970326 1
-0.04541428 0.1900861 1.955774 1
-0.03385191 0.5215733 1.895744 1
-0.02768252 0.6855125 1.886294 1
-0.194276 0.4247199 1.908356 1
-0.3454697 0.2895204 2.025436 1
-0.4840077 0.16985 2.043175 1
-0.5343938 0.1322881 2.041966 1
0.1132577 0.4296283 1.937173 1
0.2173629 0.2755628 2.080777 1
0.3322524 0.1610966 2.158546 1
0.3954543 0.1190953 2.18359 1
-0.1222799 0.05971416 1.976182 1
-0.2321069 -0.2242427 1.898364 1
-0.2230823 -0.5099273 1.880587 1
-0.2159364 -0.549996 1.805976 1
0.02116137 0.05649601 1.988468 1
0.1383661 -0.2362576 1.962555 1
0.09080787 -0.5336205 1.968144 1
0.09795374 -0.5736892 1.893534 1
-0.04809595 0.1247565 1.97082 1
-0.04555716 0.1894006 1.955883 1
-0.03476318 0.5119277 1.889279 1
-0.0286288 0.6775178 1.876471 1
-0.1966583 0.4167843 1.903265 1
-0.3595185 0.2866504 2.014521 1
-0.5061637 0.176138 2.029068 1
-0.5479088 0.1360761 2.034647 1
0.1142894 0.417609 1.930775 1
0.2248201 0.2742751 2.078345 1
0.3442754 0.1679515 2.160185 1
0.4086236 0.131273 2.190294 1
-0.1223207 0.05802819 1.978278 1
-0.2461348 -0.2165684 1.889721 1
-0.2552093 -0.4806695 1.858798 1
-0.2202896 -0.5526894 1.868327 1
0.02099487 0.05552931 1.989102 1
0.1534563 -0.2308591 1.966578 1
0.1010623 -0.5271083 1.953211 1
0.1076416 -0.5680845 1.879095 1
-0.04919053 0.1104855 1.968559 1
-0.04649407 0.1742377 1.95293 1
-0.03327617 0.4916221 1.883936 1
-0.03023046 0.6589115 1.866253 1
-0.1980934 0.4010723 1.899095 1
-0.3664209 0.2761192 2.001806 1
-0.518907 0.1738638 2.016923 1
-0.5846933 0.1285906 2.012978 1
0.1145932 0.4005802 1.925235 1
0.2368303 0.2650575 2.073604 1
0.3549924 0.1647156 2.163417 1
0.4220411 0.1346004 2.194891 1
-0.1229247 0.0448609 1.977767 1
-0.2510844 -0.223138 1.885257 1
-0.2601703 -0.4807231 1.854396 1
-0.2540172 -0.5221692 1.78057 1
0.01839069 0.03662041 1.985013 1
0.1659522 -0.2332449 1.963866 1
0.1083902 -0.5201502 1.938543 1
0.1145434 -0.5615963 1.864717 1
-0.05145442 0.09203498 1.965393 1
-0.04905794 0.1556652 1.949675 1
-0.03688088 0.4732038 1.881476 1
-0.02988314 0.6404898 1.8601 1
-0.1999118 0.3819346 1.898113 1
-0.3731804 0.2572824 1.987329 1
-0.5283867 0.1560002 1.986552 1
-0.5774022 0.1301478 1.992175 1
0.1156793 0.3908465 1.925762 1
0.2401887 0.250469 2.063915 1
0.3632283 0.1592655 2.156593 1
0.430191 0.1313881 2.190385 1
-0.1252755 0.0240897 1.975418 1
-0.2528522 -0.2412593 1.874158 1
-0.2606875 -0.4824948 1.849827 1
-0.2538469 -0.52386 1.776006 1
0.01677942 0.01888604 1.981355 1
0.1717256 -0.2466619 1.960478 1
0.1101684 -0.5185199 1.931185 1
0.1170091 -0.5598852 1.857364 1
-0.05211091 0.07546928 1.963429 1
-0.04975233 0.1399879 1.948386 1
-0.03767006 0.461088 1.883622 1
-0.03049245 0.6288769 1.858762 1
-0.1994907 0.3699828 1.898986 1
-0.3655371 0.2325506 1.980589 1
-0.5175782 0.1258716 1.967017 1
-0.5559607 0.1072502 1.951626 1
0.1166261 0.3747252 1.928761 1
0.2421993 0.231432 2.063327 1
0.3725515 0.133718 2.140224 1
0.442788 0.1090487 2.169734 1
-0.1258549 0.007220023 1.972955 1
-0.2371833 -0.2668687 1.858266 1
-0.2579105 -0.4894184 1.843389 1
-0.2323365 -0.5562275 1.852395 1
0.01630032 0.003005059 1.978358 1
0.1580707 -0.2682593 1.937039 1
0.1102892 -0.5194693 1.926857 1
0.1174234 -0.5602431 1.852818 1
-0.05137713 0.07106853 1.962505 1
-0.04928474 0.1357132 1.947862 1
-0.03845038 0.4570459 1.885635 1
-0.03081334 0.6256858 1.859605 1
-0.2001403 0.3652686 1.90006 1
-0.3494164 0.2137201 1.973387 1
-0.4681901 0.0711796 1.951617 1
-0.5322974 0.02963768 1.927461 1
0.1164549 0.3707174 1.9314 1
0.2356817 0.2201723 2.06214 1
0.3634425 0.09944402 2.109961 1
0.4371267 0.06996852 2.120955 1
-0.1249631 0.001191083 1.969979 1
-0.2216493 -0.2832806 1.847629 1
-0.2409137 -0.5058352 1.834276 1
-0.233404 -0.5462639 1.760073 1
0.01757423 -0.001154674 1.977977 1
0.1305899 -0.2824871 1.915307 1
0.1091139 -0.5208097 1.912956 1
0.1166235 -0.5612384 1.838753 1
-0.05101611 0.07118782 1.962354 1
-0.04910265 0.1358214 1.94785 1
-0.03948078 0.4587068 1.889507 1
-0.03068765 0.6258251 1.861563 1
-0.2000102 0.3651055 1.900535 1
-0.3248136 0.2105781 1.970873 1
-0.3989298 0.04108641 1.941072 1
-0.4354942 -0.01950473 1.90349 1
0.1178851 0.3727863 1.938228 1
0.2214315 0.2055233 2.067326 1
0.343107 0.0686726 2.08653 1
0.3797504 0.04186476 2.07866 1
-0.1246726 0.0009701254 1.968324 1
-0.1910939 -0.3014849 1.840076 1
-0.2158696 -0.5229477 1.83379 1
-0.2068901 -0.5628995 1.759479 1
0.01928283 -0.000713584 1.978186 1
0.09303735 -0.307395 1.894176 1
0.1033239 -0.5282325 1.903238 1
0.1123035 -0.5681843 1.828927 1
-0.04925601 0.07731274 1.961579 1
-0.04758994 0.1434279 1.948454 1
-0.04029947 0.4800987 1.902621 1
-0.03122015 0.6464653 1.875621 1
-0.1987357 0.3722901 1.902932 1
-0.3018591 0.2031092 1.974663 1
-0.3220094 0.02184473 1.926625 1
-0.3412696 0.007169284 1.900037 1
0.1164532 0.3909245 1.948619 1
0.2111681 0.2064605 2.065486 1
0.3055359 0.04721063 2.069708 1
0.3229106 0.01204084 2.041921 1
-0.1238283 0.007352043 1.963428 1
-0.1511675 -0.3341858 1.85679 1
-0.1775584 -0.5555997 1.847325 1
-0.2222804 -0.6083719 1.826914 1
0.02311901 0.007193385 1.978247 1
0.06595372 -0.3061258 1.895461 1
0.08675054 -0.5278668 1.889601 1
0.09792261 -0.5660607 1.814662 1
-0.04599836 0.1009027 1.959648 1
-0.04475571 0.1695675 1.949018 1
-0.03920044 0.5122334 1.911984 1
-0.02969711 0.6773984 1.888595 1
-0.1937108 0.4025447 1.906025 1
-0.2802679 0.1961323 1.974734 1
-0.2850719 0.01521963 1.919978 1
-0.3038004 0.02400276 1.879946 1
0.1123982 0.4194502 1.95601 1
0.1681399 0.2253103 2.049915 1
0.2659969 0.06790997 2.051856 1
0.2709444 0.001953425 2.022 1
-0.1201382 0.03346447 1.95383 1
-0.1314906 -0.3088099 1.88435 1
-0.1646711 -0.5328673 1.848911 1
-0.1522688 -0.5697773 1.773515 1
0.02649035 0.03165008 1.978056 1
0.0382037 -0.3045057 1.906504 1
0.05935281 -0.5269023 1.88285 1
0.07175507 -0.5638123 1.807454 1
-0.04673672 0.1198981 1.958957 1
-0.04551299 0.1885113 1.949695 1
-0.03942286 0.5322657 1.917798 1
-0.03074458 0.6900423 1.895134 1
-0.1918269 0.423986 1.907691 1
-0.2730147 0.2059953 1.975436 1
-0.2754657 0.02865724 1.907264 1
-0.2762827 -0.03045545 1.888643 1
0.1095705 0.4415148 1.959377 1
0.1654912 0.2346291 2.050127 1
0.2540111 0.0712859 2.04547 1
0.2623969 0.01109263 2.018612 1
-0.1205653 0.05076132 1.951259 1
-0.1305866 -0.3017043 1.900817 1
-0.1554002 -0.5283319 1.857606 1
-0.1424192 -0.5645961 1.781985 1
0.02482219 0.05275292 1.976684 1
0.02001584 -0.2980892 1.923912 1
0.03810655 -0.5206594 1.903559 1
0.05108755 -0.5569236 1.827937 1
-0.04833097 0.131559 1.959525 1
-0.04698127 0.2007439 1.950848 1
-0.03993854 0.5468665 1.921555 1
-0.03129235 0.6957341 1.899589 1
-0.1919478 0.4378012 1.910506 1
-0.2715146 0.2362225 1.979789 1
-0.3188048 0.08051383 1.877418 1
-0.3297337 0.02371923 1.821834 1
0.1064096 0.4602326 1.960899 1
0.1614432 0.2487237 2.05204 1
0.258458 0.09006126 2.042386 1
0.2821294 0.01848766 2.014974 1
-0.1217207 0.06273852 1.951542 1
-0.1333565 -0.3068387 1.920624 1
-0.1563718 -0.5400792 1.88599 1
-0.1245583 -0.6025552 1.868982 1
0.02225966 0.06514533 1.97633 1
0.01757986 -0.2996746 1.943524 1
0.02496753 -0.5232402 1.922615 1
0.03783797 -0.5591894 1.846815 1
-0.0502735 0.1380645 1.961254 1
-0.04879699 0.2077954 1.952749 1
-0.04090546 0.556716 1.924131 1
-0.03192006 0.7030113 1.903492 1
-0.1921906 0.4491462 1.911778 1
-0.2933972 0.2890346 1.979343 1
-0.3531343 0.1359008 1.879971 1
-0.3704257 0.07699464 1.828296 1
0.1069063 0.4672314 1.962634 1
0.1704399 0.2659574 2.057024 1
0.281621 0.116862 2.047457 1
0.3114481 0.07373195 2.025841 1
-0.123667 0.0693181 1.953208 1
-0.1434313 -0.3088546 1.933384 1
-0.1516373 -0.5439736 1.905024 1
-0.1299066 -0.6092785 1.883375 1
0.02013819 0.07057071 1.977713 1
0.02329181 -0.3008147 1.96208 1
0.02833114 -0.5288211 1.943312 1
0.03055633 -0.5912644 1.907236 1
-0.05055359 0.1419826 1.963716 1
-0.04893757 0.2116595 1.954944 1
-0.04050269 0.5601898 1.925093 1
-0.03141795 0.7076298 1.907654 1
-0.1918072 0.4529544 1.911581 1
-0.3121914 0.3004598 1.972546 1
-0.4119731 0.1655674 1.879903 1
-0.4406713 0.1117506 1.827752 1
0.1073617 0.4681414 1.963327 1
0.2070788 0.2848627 2.068796 1
0.3244206 0.1406967 2.063745 1
0.3727585 0.07977584 2.043955 1
-0.123877 0.07373399 1.956026 1
-0.1702937 -0.2817294 1.932543 1
-0.1704137 -0.5381186 1.921051 1
-0.1573662 -0.57415 1.845303 1
0.01953949 0.07391051 1.980222 1
0.03461716 -0.2878587 1.971125 1
0.02696619 -0.5406708 1.972515 1
0.02923698 -0.5878564 1.917973 1
-0.05120094 0.1460966 1.966333 1
-0.04929668 0.2148667 1.957018 1
-0.04024871 0.5605568 1.925419 1
-0.03083865 0.7089733 1.910959 1
-0.1925358 0.4534908 1.911827 1
-0.3434454 0.3144918 1.961066 1
-0.4528918 0.1891069 1.865593 1
-0.4739574 0.1652585 1.830028 1
0.1093974 0.4670719 1.965874 1
0.2228576 0.288344 2.071719 1
0.3564984 0.159753 2.074251 1
0.4109886 0.1135615 2.069129 1
-0.1248686 0.07725775 1.959221 1
-0.1989628 -0.2484748 1.907745 1
-0.203528 -0.5349366 1.929217 1
-0.1633876 -0.592201 1.911409 1
0.01881666 0.07640384 1.982471 1
0.05689299 -0.2622617 1.968736 1
0.03251634 -0.5442247 1.978258 1
0.02393824 -0.602724 1.936884 1
