-0.03308024 0.1491088 1.912745 1
-0.03846653 0.2075454 1.969396 1
-0.03456308 0.5798886 2.027843 1
-0.02778131 0.7501169 2.014505 1
-0.1859612 0.4541927 1.975981 1
-0.2645068 0.2205646 1.967936 1
-0.3137797 0.04875477 1.900001 1
-0.3153618 0.01734493 1.890417 1
0.1192444 0.4592821 2.012596 1
0.1862494 0.2260586 2.002455 1
0.269641 0.06739302 1.936187 1
0.2824595 0.0293483 1.912286 1
-0.09998491 0.08293349 1.881511 1
-0.1570663 -0.2901827 1.895314 1
-0.1693492 -0.5354549 1.884875 1
-0.1397608 -0.6013669 1.880437 1
0.03604943 0.08018882 1.905447 1
0.04700759 -0.2757245 1.908245 1
0.04861153 -0.5216426 1.904846 1
0.05774117 -0.5470843 1.824091 1
-0.03219666 0.149037 1.912468 1
-0.03771031 0.2076455 1.969661 1
-0.03413688 0.5809611 2.028496 1
-0.02706932 0.7506886 2.016506 1
-0.1852755 0.4536927 1.976122 1
-0.2649042 0.2213645 1.969619 1
-0.3152743 0.04944785 1.902873 1
-0.3170375 0.01509589 1.895139 1
0.1197616 0.4590057 2.01291 1
0.1879551 0.226605 2.002374 1
0.2751684 0.07146724 1.931906 1
0.3051042 0.005453832 1.895993 1
-0.09887373 0.08297615 1.880791 1
-0.1566912 -0.2906758 1.895113 1
-0.1693248 -0.5355166 1.884787 1
-0.1408223 -0.6019445 1.88086 1
0.0367047 0.08017198 1.905214 1
0.04746785 -0.2760372 1.908094 1
0.04880325 -0.5215322 1.904607 1
0.05796289 -0.5469592 1.823843 1
-0.0318528 0.1490899 1.912412 1
-0.03726624 0.2077882 1.969989 1
-0.03406821 0.5818317 2.02901 1
-0.02639349 0.7516689 2.019207 1
-0.1846616 0.4549495 1.977787 1
-0.2649016 0.2212478 1.969887 1
-0.3161623 0.04931572 1.903893 1
-0.3172765 0.01505886 1.89535 1
0.1200844 0.4588027 2.013358 1
0.189451 0.2287211 2.002234 1
0.2792754 0.07597654 1.929328 1
0.3100066 0.01072093 1.892676 1
-0.0984391 0.08310457 1.880609 1
-0.1565837 -0.2907556 1.894928 1
-0.16931 -0.5356972 1.884722 1
-0.141868 -0.6026185 1.881432 1
0.0369481 0.08024903 1.905121 1
0.04821466 -0.276702 1.907897 1
0.04904993 -0.5210558 1.903918 1
0.05802744 -0.5464765 1.823116 1
-0.03157632 0.1489756 1.912261 1
-0.0371891 0.2077305 1.970171 1
-0.03418669 0.5821993 2.029283 1
-0.02633392 0.7524971 2.020632 1
-0.1842498 0.4545422 1.97794 1
-0.2648436 0.2214869 1.970662 1
-0.3166922 0.04984193 1.904181 1
-0.3169593 0.01600488 1.895447 1
0.1207506 0.4582108 2.014005 1
0.1900163 0.2286779 2.001996 1
0.2818902 0.07827125 1.926257 1
0.3116706 0.01370246 1.88762 1
-0.0982099 0.0830418 1.880502 1
-0.1564765 -0.2907815 1.894801 1
-0.1691161 -0.5357791 1.884498 1
-0.1600101 -0.5611972 1.803691 1
0.0373081 0.08018976 1.904712 1
0.04886931 -0.2768893 1.907426 1
0.04909975 -0.5210755 1.903873 1
0.05820576 -0.5464936 1.823066 1
-0.03120127 0.1489522 1.912263 1
-0.03710427 0.2077643 1.970475 1
-0.03430873 0.5829478 2.030077 1
-0.02587443 0.7534615 2.02321 1
-0.183472 0.4542388 1.978166 1
-0.2647584 0.2215226 1.970761 1
-0.313724 0.04946157 1.902807 1
-0.314809 0.01479078 1.894735 1
0.1220133 0.4583519 2.016185 1
0.1903679 0.2288195 2.001562 1
0.2826645 0.07991742 1.922843 1
0.3123233 0.01575831 1.883399 1
-0.09778733 0.08308482 1.880465 1
-0.1561543 -0.2917966 1.894445 1
-0.1689134 -0.5357362 1.884238 1
-0.1593759 -0.561147 1.80346 1
0.03768456 0.08022431 1.904596 1
0.04916646 -0.2769482 1.9069 1
0.04954268 -0.5210479 1.903437 1
0.05908025 -0.5464587 1.822659 1
-0.03098333 0.1487631 1.912268 1
-0.03697367 0.207641 1.970737 1
-0.03455008 0.5837048 2.030911 1
-0.02546318 0.7543641 2.024927 1
-0.1826135 0.4539545 1.978647 1
-0.2637154 0.2232188 1.971232 1
-0.308626 0.05103558 1.900198 1
-0.3180842 -0.006155081 1.885337 1
0.1221022 0.4582857 2.01665 1
0.1904006 0.229627 2.000957 1
0.281227 0.08013012 1.921452 1
0.3112733 0.01640643 1.881559 1
-0.09752303 0.08304124 1.880482 1
-0.1557161 -0.2920339 1.89427 1
-0.1689503 -0.5359555 1.884342 1
-0.1594096 -0.5613567 1.803542 1
0.03779858 0.08016103 1.904543 1
0.04926365 -0.277058 1.906592 1
0.05010343 -0.5213155 1.902986 1
0.05964419 -0.5467166 1.822186 1
-0.03078706 0.1486185 1.912394 1
-0.03676043 0.2075028 1.971138 1
-0.0346745 0.5837768 2.031492 1
-0.02615805 0.7557622 2.027895 1
-0.1818364 0.4532611 1.979993 1
-0.2623112 0.2241501 1.97206 1
-0.304156 0.05304255 1.895741 1
-0.3088275 0.0155054 1.883317 1
0.1222271 0.4583803 2.017869 1
0.1903893 0.2295387 2.000733 1
0.2794165 0.07919581 1.920616 1
0.3084247 0.01475956 1.881062 1
-0.09717861 0.08293295 1.880763 1
-0.1554152 -0.2922531 1.894176 1
-0.1689117 -0.5361085 1.884333 1
-0.1594402 -0.5615038 1.803504 1
0.03786581 0.08016425 1.904533 1
0.04947101 -0.2769565 1.906464 1
0.05053341 -0.5210881 1.9026 1
0.06000493 -0.5464834 1.821771 1
-0.03045293 0.1482798 1.912681 1
-0.03641554 0.2072203 1.971741 1
-0.03458953 0.5839281 2.032463 1
-0.02648275 0.7565759 2.029438 1
-0.1813384 0.4519157 1.980647 1
-0.2610003 0.2156754 1.967705 1
-0.3025869 0.04593554 1.887576 1
-0.3059868 0.01616453 1.874825 1
0.122305 0.4580931 2.018628 1
0.1901949 0.229016 2.000236 1
0.2777621 0.07734983 1.921069 1
0.3059462 0.01207872 1.882253 1
-0.09680413 0.0826797 1.880972 1
-0.1546944 -0.2934997 1.894196 1
-0.169064 -0.5358935 1.884423 1
-0.1410407 -0.6026798 1.88168 1
0.03803059 0.08001868 1.904685 1
0.04957094 -0.2769839 1.906451 1
0.05095302 -0.5215545 1.90259 1
0.06038411 -0.5469409 1.821735 1
-0.02923944 0.1470227 1.91344 1
-0.0354919 0.2064021 1.972646 1
-0.0347801 0.5837439 2.03264 1
-0.0268192 0.7565069 2.030673 1
-0.1811464 0.4504279 1.981591 1
-0.2606723 0.2117609 1.965077 1
-0.2996284 0.0425829 1.881933 1
-0.310353 -0.01140979 1.85837 1
0.1222958 0.457819 2.019171 1
0.1900273 0.2282104 2.000022 1
0.271569 0.07270673 1.921949 1
0.2990796 0.007048987 1.883281 1
-0.09472331 0.0806984 1.882511 1
-0.1542699 -0.2939916 1.89421 1
-0.1687098 -0.5360205 1.884227 1
-0.140352 -0.6026812 1.881579 1
0.03890833 0.07950176 1.905016 1
0.04995662 -0.277079 1.906363 1
0.05079637 -0.5217359 1.902633 1
0.06004827 -0.5471429 1.821751 1
-0.02910905 0.1459646 1.913626 1
-0.03532712 0.2056546 1.973104 1
-0.03484572 0.5836884 2.033221 1
-0.02729638 0.7564688 2.031539 1
-0.1810277 0.448784 1.982038 1
-0.259451 0.214944 1.966252 1
-0.2975256 0.04607397 1.881809 1
-0.308051 -0.007677559 1.857595 1
0.121798 0.4565027 2.019277 1
0.1899292 0.2273465 2.000072 1
0.2703592 0.07043742 1.923896 1
0.2968528 0.003843464 1.886108 1
-0.09466733 0.07991697 1.882884 1
-0.1539113 -0.2948306 1.894274 1
-0.1686856 -0.5360148 1.88419 1
-0.1407032 -0.6028451 1.88151 1
0.03898863 0.07895892 1.904926 1
0.05005342 -0.2771449 1.906358 1
0.05080665 -0.5215254 1.902312 1
0.05996875 -0.5469329 1.821405 1
-0.02911488 0.145766 1.913835 1
-0.03535301 0.2053798 1.973503 1
-0.03517352 0.583287 2.033661 1
-0.02742824 0.7562013 2.032147 1
-0.1810014 0.4482847 1.982744 1
-0.2592816 0.212316 1.964655 1
-0.2947578 0.04366133 1.878309 1
-0.3058422 -0.009889521 1.853884 1
0.1219643 0.4558701 2.019951 1
0.1897485 0.2266173 2.000593 1
0.2686439 0.067789 1.927205 1
0.2939765 0.0006935298 1.889488 1
-0.09472435 0.07972253 1.883379 1
-0.1533729 -0.2957264 1.894485 1
-0.1686502 -0.5359787 1.884162 1
-0.141551 -0.6031958 1.88181 1
0.03901035 0.07883692 1.904929 1
0.05022384 -0.2774556 1.906374 1
0.05083728 -0.5214407 1.901874 1
0.05999766 -0.5468439 1.820953 1
-0.02916454 0.1452301 1.914068 1
-0.03541374 0.2049181 1.973896 1
-0.03551625 0.5830728 2.033977 1
-0.02751791 0.756106 2.032545 1
-0.1808543 0.4476471 1.983256 1
-0.2593124 0.2116723 1.964452 1
-0.2934245 0.04296133 1.877498 1
-0.3051735 -0.01027781 1.852699 1
0.1217954 0.4549741 2.020225 1
0.1898068 0.224543 2.001548 1
0.2665346 0.06311512 1.93224 1
0.291926 -0.003951684 1.894504 1
-0.09476721 0.07932381 1.883695 1
-0.1529333 -0.2966748 1.894849 1
-0.1686446 -0.5360144 1.884123 1
-0.1595141 -0.5614191 1.803191 1
0.03898363 0.07850701 1.905007 1
0.05028501 -0.2775055 1.906341 1
0.0507642 -0.5213652 1.901568 1
0.05989473 -0.5467698 1.820635 1
-0.02904228 0.144884 1.914361 1
-0.03538794 0.2046098 1.974286 1
-0.0356948 0.5828495 2.034059 1
-0.02741729 0.7561623 2.032989 1
-0.1806107 0.4470333 1.983518 1
-0.2593042 0.2107022 1.964118 1
-0.293476 0.04206702 1.876927 1
-0.3050548 -0.01093567 1.851555 1
0.1220213 0.4549841 2.021041 1
0.1899072 0.2238527 2.002647 1
0.2668662 0.06115676 1.937277 1
0.2751323 0.02715248 1.910935 1
-0.09465625 0.07897078 1.88416 1
-0.1529157 -0.2970521 1.895024 1
-0.1686749 -0.5361167 1.884161 1
-0.141192 -0.6031945 1.882079 1
0.03915161 0.07822019 1.905177 1
0.05032697 -0.2774957 1.906327 1
0.05081078 -0.5213806 1.9015 1
0.06003253 -0.5467913 1.820579 1
-0.02897489 0.1447783 1.914627 1
-0.03533628 0.204508 1.974646 1
-0.0356436 0.582751 2.034103 1
-0.02727702 0.7564 2.033466 1
-0.18053 0.4468045 1.983852 1
-0.2593292 0.2103774 1.964145 1
-0.2933099 0.04150151 1.877317 1
-0.3050997 -0.01118698 1.851404 1
0.1222364 0.4548895 2.021652 1
0.1898687 0.222974 2.003724 1
0.2674205 0.06016147 1.939455 1
0.2760625 0.02519226 1.915056 1
-0.09463058 0.07881347 1.884735 1
-0.1528701 -0.2971893 1.895229 1
-0.1686213 -0.5361634 1.884141 1
-0.1407225 -0.603068 1.882044 1
0.03919357 0.07816816 1.905259 1
0.05034505 -0.277432 1.90642 1
0.05082517 -0.5213774 1.901463 1
0.06010221 -0.5467936 1.820551 1
-0.028799 0.1447301 1.914976 1
-0.03520015 0.2044695 1.975045 1
-0.03572012 0.5826688 2.034134 1
-0.02726647 0.7563947 2.033473 1
-0.1807124 0.4466077 1.984263 1
-0.2594692 0.2101321 1.964433 1
-0.2950971 0.04104866 1.878757 1
-0.3078115 -0.01261575 1.855427 1
0.122243 0.4548766 2.022078 1
0.1908008 0.2200573 2.005906 1
0.2684883 0.05706216 1.942276 1
0.2764054 0.02420406 1.919762 1
-0.09448513 0.07877443 1.885042 1
-0.1524445 -0.2972636 1.895577 1
-0.1686152 -0.5362107 1.884176 1
-0.1411554 -0.6033031 1.882383 1
0.03948448 0.07802065 1.905686 1
0.05050907 -0.2773664 1.906428 1
0.05080153 -0.5213826 1.901417 1
0.06006433 -0.5468048 1.820508 1
-0.02873674 0.1447585 1.915299 1
-0.03520657 0.2044792 1.975416 1
-0.03575363 0.5825344 2.034188 1
-0.02726666 0.7563904 2.033478 1
-0.1806886 0.4461282 1.984472 1
-0.2596342 0.2100635 1.9654 1
-0.2969033 0.04092902 1.880563 1
-0.3091741 -0.01318579 1.85807 1
0.1227248 0.4547112 2.022858 1
0.1910338 0.2194215 2.007071 1
0.2693825 0.056025 1.945631 1
0.2773986 0.02271109 1.925151 1
-0.09450146 0.07879042 1.885214 1
-0.152319 -0.2972678 1.895672 1
-0.1685192 -0.5363127 1.884166 1
-0.1412066 -0.6034621 1.88239 1
0.03966011 0.07789691 1.906138 1
0.05078784 -0.2775362 1.906591 1
0.05079518 -0.5212958 1.901338 1
0.06016209 -0.5467227 1.820446 1
-0.02829395 0.1445638 1.915833 1
-0.03480919 0.2043452 1.976041 1
-0.03563547 0.5825215 2.034482 1
-0.02713984 0.7563816 2.033454 1
-0.1806009 0.4460913 1.984591 1
-0.2596018 0.2101551 1.967078 1
-0.2992522 0.04122663 1.882923 1
-0.3109098 -0.01358873 1.861865 1
0.1227498 0.4547701 2.023136 1
0.1917794 0.2184993 2.008387 1
0.2706609 0.05504233 1.947856 1
0.2782871 0.02129375 1.928602 1
-0.09414181 0.07871826 1.88552 1
-0.1519874 -0.2978328 1.895523 1
-0.1684006 -0.5363141 1.884111 1
-0.1387077 -0.60241 1.881397 1
0.04021204 0.07756495 1.906937 1
0.05108125 -0.2775681 1.906738 1
0.0507873 -0.5212899 1.901336 1
0.06018876 -0.5467222 1.820454 1
-0.02785334 0.1442059 1.916192 1
-0.0344663 0.2040957 1.976342 1
-0.03545928 0.582247 2.034148 1
-0.02693552 0.7562507 2.033288 1
-0.180377 0.4457515 1.984511 1
-0.2600544 0.2119114 1.970435 1
-0.3004621 0.04308143 1.886367 1
-0.3117767 -0.01209881 1.866107 1
0.1228607 0.4546423 2.023291 1
0.1926234 0.2176151 2.009332 1
0.2719208 0.05406001 1.949669 1
0.2792042 0.02073956 1.929993 1
-0.09376378 0.07841421 1.885772 1
-0.1506626 -0.2989169 1.894504 1
-0.1683583 -0.5362684 1.883593 1
-0.1370943 -0.6015495 1.879308 1
0.04084437 0.07698381 1.907714 1
0.05122202 -0.2777981 1.90665 1
0.05059595 -0.5215172 1.901283 1
0.06004572 -0.5469664 1.820415 1
-0.02708643 0.1437255 1.917002 1
-0.0336534 0.203762 1.977118 1
-0.03454847 0.5820724 2.034156 1
-0.02653014 0.7560124 2.032892 1
-0.180296 0.4455878 1.984519 1
-0.2602944 0.2132002 1.972299 1
-0.3012007 0.04408149 1.889096 1
-0.3124753 -0.0113887 1.86963 1
0.1228903 0.4546564 2.023347 1
0.1932594 0.2172338 2.010306 1
0.2736441 0.05367488 1.952365 1
0.280407 0.020349 1.931224 1
-0.09326719 0.07801893 1.88618 1
-0.1493495 -0.3009318 1.890841 1
-0.1695968 -0.5391027 1.881602 1
-0.1354891 -0.6027563 1.875085 1
0.04179751 0.07621159 1.909274 1
0.05285149 -0.2805167 1.906635 1
0.05098516 -0.5222098 1.900583 1
0.06043953 -0.5476828 1.819721 1
-0.0232174 0.1447694 1.919888 1
-0.03091289 0.2047745 1.979104 1
-0.03420201 0.5820837 2.033567 1
-0.02457115 0.7550597 2.031539 1
-0.1799389 0.4466686 1.984471 1
-0.2616578 0.224813 1.97909 1
-0.297392 0.05333543 1.898731 1
-0.3082633 -0.002219006 1.879285 1
0.1234189 0.454655 2.02405 1
0.1932051 0.2169217 2.010835 1
0.2740912 0.05343929 1.953373 1
0.2816187 0.02054655 1.932605 1
-0.08900034 0.07855815 1.887767 1
-0.1494931 -0.3019702 1.881634 1
-0.1719248 -0.5427132 1.878022 1
-0.1357215 -0.6046184 1.86731 1
0.04711131 0.0767504 1.915528 1
0.0568862 -0.2833938 1.905808 1
0.05286791 -0.5217202 1.899289 1
0.06259176 -0.5472689 1.818482 1
-0.01830189 0.1464161 1.923807 1
-0.02692785 0.2065251 1.98233 1
-0.0320323 0.582272 2.033024 1
-0.02231228 0.7535976 2.029259 1
-0.1791708 0.4489247 1.981975 1
-0.2632245 0.2328263 1.983204 1
-0.2953708 0.05920899 1.906497 1
-0.3042139 0.003124867 1.887588 1
0.1245303 0.454725 2.025331 1
0.1931512 0.2166245 2.01093 1
0.261789 0.04790564 1.95233 1
0.2825851 0.02012916 1.9327 1
-0.08475056 0.07910316 1.88967 1
-0.151216 -0.2982439 1.862174 1
-0.1746786 -0.5438064 1.869897 1
-0.1529671 -0.612171 1.859324 1
0.05278458 0.07803311 1.922288 1
0.06534111 -0.286449 1.901049 1
0.05694544 -0.5207584 1.895498 1
0.06774817 -0.5464184 1.81487 1
-0.01508925 0.1479509 1.926042 1
-0.02530718 0.2080955 1.983704 1
-0.02912208 0.5817562 2.030054 1
-0.0169565 0.7523667 2.027277 1
-0.1784182 0.4515562 1.976368 1
-0.2629648 0.2376396 1.983592 1
-0.292753 0.06173211 1.912095 1
-0.3009085 0.004714243 1.895908 1
0.1278552 0.4533756 2.028552 1
0.19344 0.2142568 2.011277 1
0.2621673 0.04583758 1.951605 1
0.285153 0.01857648 1.930294 1
-0.08261918 0.0794588 1.890095 1
-0.1608765 -0.2927184 1.845301 1
-0.1800561 -0.5425022 1.862017 1
-0.1669441 -0.5683249 1.78179 1
0.05744069 0.078446 1.927725 1
0.07719212 -0.285068 1.896398 1
0.06295645 -0.5199723 1.889588 1
0.07606847 -0.545795 1.80936 1
-0.01333147 0.1484287 1.927164 1
-0.02571774 0.2086662 1.984028 1
-0.02731106 0.579142 2.026114 1
-0.01338465 0.7493896 2.024343 1
-0.1777281 0.4532885 1.968645 1
-0.2646628 0.2400422 1.982655 1
-0.2920108 0.06248036 1.914958 1
-0.30011 0.005138163 1.899961 1
0.1317418 0.4449553 2.033095 1
0.1923866 0.2083505 2.010669 1
0.2645328 0.04159658 1.950082 1
0.2900425 0.01552601 1.925929 1
-0.08119294 0.07948042 1.890128 1
-0.1667929 -0.2807921 1.833701 1
-0.1922607 -0.5383554 1.842258 1
-0.1757821 -0.5643665 1.76272 1
0.06018153 0.07772018 1.931013 1
0.09623481 -0.2708434 1.890641 1
0.068997 -0.5241224 1.882819 1
0.08547568 -0.5501336 1.803281 1
-0.01131823 0.1475062 1.927494 1
-0.02590495 0.2077007 1.983587 1
-0.02771897 0.5727032 2.021169 1
-0.005754086 0.7434407 2.022769 1
-0.1758773 0.4508342 1.960377 1
-0.2704347 0.2432936 1.979781 1
-0.2910327 0.06340867 1.916769 1
-0.2990571 0.005788669 1.902851 1
0.1325012 0.4333511 2.037044 1
0.1915603 0.1957014 2.008812 1
0.2700917 0.03241488 1.946264 1
0.3121325 -0.02639107 1.909876 1
-0.07725864 0.07816301 1.888765 1
-0.1741498 -0.2680486 1.821434 1
-0.200992 -0.5317545 1.82567 1
-0.1811514 -0.5579476 1.746964 1
0.06255411 0.07539849 1.933124 1
0.1111621 -0.2613971 1.885906 1
0.08022273 -0.5241656 1.875287 1
0.1000633 -0.5503587 1.796582 1
-0.00753621 0.1362899 1.925636 1
-0.0246463 0.1955537 1.980469 1
-0.02745624 0.556836 2.015574 1
0.005317365 0.7214099 2.015841 1
-0.1745868 0.4421772 1.9536 1
-0.2870763 0.2401231 1.963592 1
-0.3029704 0.05869168 1.904476 1
-0.3038757 -0.0006559975 1.897121 1
0.125485 0.4201356 2.04484 1
0.1853488 0.1919237 2.013344 1
0.2748928 0.03743681 1.942055 1
0.316435 -0.02025236 1.903405 1
-0.06992237 0.06570472 1.881952 1
-0.1664439 -0.2743406 1.822061 1
-0.2008715 -0.5306187 1.821503 1
-0.1972624 -0.5969234 1.792422 1
0.06373534 0.06426118 1.935016 1
0.1248294 -0.2674579 1.868929 1
0.09401846 -0.5225303 1.869518 1
0.1178877 -0.5488746 1.791996 1
-0.006704617 0.1319228 1.925475 1
-0.0240722 0.1916232 1.980215 1
-0.02687783 0.5547885 2.01537 1
0.004732242 0.7203311 2.014697 1
-0.1728078 0.4363158 1.951953 1
-0.2873026 0.2429943 1.961966 1
-0.3159024 0.0667983 1.890441 1
-0.3208314 0.009589404 1.87371 1
0.1239746 0.4195833 2.045467 1
0.1819769 0.1911959 2.017971 1
0.2758999 0.04093863 1.942643 1
0.3158812 -0.01663331 1.902212 1
-0.06878615 0.06278902 1.880896 1
-0.15774 -0.284844 1.821897 1
-0.2000224 -0.5322403 1.821446 1
-0.1757217 -0.5586192 1.744065 1
0.06337276 0.06007425 1.936221 1
0.1299886 -0.2765966 1.855409 1
0.1051809 -0.5270656 1.863384 1
0.1294816 -0.5534446 1.786003 1
-0.008106489 0.1257886 1.924356 1
-0.02451204 0.1867804 1.979459 1
-0.02496332 0.5532538 2.015415 1
0.002884024 0.7199751 2.013972 1
-0.168515 0.4311562 1.952287 1
-0.2869458 0.2429377 1.961714 1
-0.3235025 0.07248534 1.878788 1
-0.3304227 0.02455271 1.856229 1
0.1245561 0.4194414 2.044941 1
0.182426 0.1922097 2.022377 1
0.2754905 0.04352649 1.942179 1
0.3134896 -0.01419088 1.900055 1
-0.07058312 0.05894308 1.881393 1
-0.1547807 -0.286041 1.822279 1
-0.1848864 -0.5236105 1.812539 1
-0.160798 -0.5500308 1.735092 1
0.06077863 0.0549237 1.933785 1
0.1332845 -0.2811508 1.839337 1
0.1130596 -0.5275279 1.856111 1
0.137148 -0.5539482 1.778664 1
-0.01190047 0.1206767 1.920796 1
-0.02132441 0.1824454 1.978293 1
-0.01419221 0.5494657 2.016482 1
-0.001936388 0.7202218 2.013546 1
-0.165159 0.4210221 1.961118 1
-0.2811804 0.238871 1.964084 1
-0.3340127 0.09640855 1.840881 1
-0.352134 0.03703655 1.788882 1
0.1380499 0.4234143 2.025305 1
0.2115467 0.2168271 2.021245 1
0.2741539 0.05295846 1.941089 1
0.3050458 -0.00930931 1.899548 1
-0.07911052 0.05352014 1.884068 1
-0.1543107 -0.2860955 1.822737 1
-0.1784953 -0.5205576 1.812812 1
-0.162423 -0.546769 1.733226 1
0.05282699 0.04725786 1.916672 1
0.1336853 -0.2902706 1.820319 1
0.1197286 -0.5147999 1.836675 1
0.1358009 -0.5410112 1.757089 1
-0.01425666 0.1162219 1.917164 1
-0.0205015 0.1779974 1.975734 1
-0.009923154 0.5475127 2.016947 1
-0.003531369 0.7199005 2.012949 1
-0.1612171 0.4119785 1.967483 1
-0.278452 0.2375052 1.965901 1
-0.3361727 0.0989348 1.840238 1
-0.3546814 0.04170007 1.785961 1
0.1427801 0.4235181 2.020655 1
0.2222332 0.2189664 2.01747 1
0.2815557 0.05402133 1.936991 1
0.3071538 -0.01170169 1.89712 1
-0.08279147 0.04984099 1.884236 1
-0.1539594 -0.2879453 1.823627 1
-0.1740845 -0.5278903 1.820013 1
-0.1612388 -0.5539571 1.73978 1
0.05077308 0.04397915 1.909698 1
0.129805 -0.295554 1.817931 1
0.117823 -0.5130076 1.833902 1
0.1306688 -0.5390744 1.753668 1
-0.01515383 0.1146006 1.915572 1
-0.01955587 0.1761658 1.974547 1
-0.005212719 0.5462008 2.017319 1
-0.003671665 0.719469 2.012824 1
-0.1578602 0.4099118 1.973314 1
-0.2773281 0.2377031 1.966907 1
-0.345095 0.108761 1.83559 1
-0.3627797 0.05444333 1.778063 1
0.145759 0.4231321 2.018566 1
0.2258745 0.2185617 2.014514 1
0.2885253 0.05489486 1.933951 1
0.312699 -0.01260442 1.89611 1
-0.08407626 0.04910135 1.884343 1
-0.1557774 -0.2906205 1.823457 1
-0.1751943 -0.5354191 1.82954 1
-0.1499182 -0.6021768 1.816599 1
0.04958972 0.04251926 1.90651 1
0.1178529 -0.3077188 1.819627 1
0.1123252 -0.5259786 1.832149 1
0.1231511 -0.5519755 1.75158 1
-0.01486244 0.114814 1.915573 1
-0.01893985 0.1761412 1.974621 1
-0.001069629 0.5478795 2.020436 1
-0.001789333 0.7207495 2.013653 1
-0.1527921 0.4151026 1.978298 1
-0.2772842 0.2455791 1.968083 1
-0.3440381 0.1159997 1.83689 1
-0.3618995 0.06337601 1.77778 1
0.1530135 0.4238089 2.022138 1
0.2259373 0.2123135 2.013288 1
0.2928078 0.05071718 1.931811 1
0.3176759 -0.01617559 1.893221 1
-0.08396609 0.05015997 1.884495 1
-0.1592928 -0.2898197 1.820174 1
-0.1752041 -0.5369739 1.830803 1
-0.1645148 -0.5628934 1.750174 1
0.04996412 0.04246518 1.906544 1
0.09749169 -0.3210763 1.82954 1
0.104285 -0.5407138 1.832824 1
0.04666251 -0.5831722 1.820914 1
-0.009085646 0.1235708 1.917017 1
-0.01454643 0.183831 1.976303 1
0.005111707 0.5559622 2.026051 1
0.01281026 0.730417 2.019786 1
-0.1487 0.4243393 1.976965 1
-0.2839462 0.2830944 1.965889 1
-0.3394424 0.1393834 1.845692 1
-0.3536201 0.08056365 1.791563 1
0.1595982 0.4255642 2.029707 1
0.221965 0.209481 2.01593 1
0.2929075 0.05076195 1.931929 1
0.3188868 -0.01542557 1.89275 1
-0.07854864 0.06166311 1.882894 1
-0.1657299 -0.275994 1.807293 1
-0.1754544 -0.5368696 1.830291 1
-0.1622399 -0.5626967 1.749995 1
0.055964 0.04802919 1.910314 1
0.08996277 -0.3124669 1.838157 1
0.08487076 -0.5326712 1.8365 1
0.05800736 -0.5986009 1.82243 1
0.0031937 0.1407069 1.917125 1
-0.01008557 0.19812 1.975141 1
0.006734854 0.5607873 2.026438 1
0.04418612 0.7449138 2.031398 1
-0.1384227 0.4550813 1.961659 1
-0.3031043 0.3381736 1.937972 1
-0.3728062 0.1826178 1.818005 1
-0.3829553 0.1271865 1.797397 1
0.1590954 0.4311385 2.046628 1
0.2177916 0.2078552 2.023105 1
0.2847484 0.04820934 1.937363 1
0.3132342 -0.01381578 1.893412 1
-0.06204977 0.08105934 1.874217 1
-0.168225 -0.2639706 1.797728 1
-0.192341 -0.5188337 1.813816 1
-0.1812387 -0.5882247 1.7957 1
0.06966311 0.06607641 1.919294 1
0.08472633 -0.2740841 1.849162 1
0.0751655 -0.5209633 1.846694 1
0.09811202 -0.5468752 1.768647 1
0.0070319 0.1424427 1.918938 1
-0.007581583 0.2000978 1.976127 1
0.007179186 0.5619356 2.025666 1
0.04573654 0.7445532 2.030911 1
-0.1363573 0.4552083 1.961181 1
-0.3255306 0.3887555 1.942156 1
-0.4463772 0.3158173 1.805553 1
-0.4851229 0.278557 1.744629 1
0.1563347 0.4347949 2.051821 1
0.2108296 0.2060848 2.035026 1
0.2894728 0.05330347 1.946331 1
0.3157573 -0.004513711 1.895661 1
-0.05674292 0.08170532 1.87389 1
-0.159897 -0.2691556 1.808636 1
-0.1875162 -0.5152285 1.812896 1
-0.1631912 -0.5412394 1.735284 1
0.07388783 0.06870034 1.926596 1
0.1015795 -0.2762435 1.831532 1
0.07661803 -0.523023 1.851354 1
0.100943 -0.5490339 1.773742 1
0.006079806 0.1438406 1.920898 1
-0.004676791 0.2014247 1.978147 1
0.01214889 0.5629543 2.023333 1
0.04397074 0.7442788 2.029063 1
-0.1425345 0.4565634 1.97232 1
-0.3263955 0.3936614 1.951389 1
-0.4850754 0.3811038 1.838964 1
-0.4940977 0.3772848 1.791906 1
0.1638746 0.4376657 2.044941 1
0.2155742 0.2213618 2.039391 1
0.2861559 0.06513487 1.949842 1
0.3090453 0.005322676 1.899838 1
-0.06409384 0.08091549 1.883212 1
-0.1529136 -0.273145 1.826807 1
-0.1848737 -0.5141047 1.815905 1
-0.1656739 -0.5401438 1.736868 1
0.07356206 0.06917449 1.92657 1
0.1092424 -0.2729175 1.816682 1
0.08949453 -0.5166283 1.835833 1
0.1086944 -0.5426674 1.756796 1
0.004577741 0.1439147 1.921647 1
-0.001139772 0.2016014 1.979228 1
0.016141 0.562492 2.021 1
0.04057902 0.7428112 2.024755 1
-0.1460268 0.4548565 1.98296 1
-0.3264627 0.3956738 1.967259 1
-0.4824479 0.3940227 1.849994 1
-0.5003047 0.389086 1.79815 1
0.1725046 0.4402729 2.030185 1
0.2307241 0.2386571 2.033625 1
0.284301 0.07392943 1.948266 1
0.3036564 0.0107355 1.901005 1
-0.07131436 0.07854216 1.890999 1
-0.1537255 -0.2731338 1.829599 1
-0.1819547 -0.5130841 1.819551 1
-0.1694498 -0.5391008 1.73917 1
0.07132964 0.06902723 1.923028 1
0.1093453 -0.2754158 1.815448 1
0.09436445 -0.5111733 1.830216 1
0.1068693 -0.53719 1.749835 1
0.003385156 0.1435342 1.922395 1
0.002194764 0.2013563 1.980048 1
0.02273097 0.5619738 2.021251 1
0.03531497 0.7411528 2.020487 1
-0.1480916 0.4515563 1.99781 1
-0.326348 0.3932882 1.985174 1
-0.4813999 0.4087592 1.867721 1
-0.4994383 0.404591 1.818278 1
0.1784707 0.4431159 2.021299 1
0.2493186 0.2444778 2.017192 1
0.2954606 0.07424025 1.939955 1
0.305308 0.005998611 1.896872 1
-0.07592207 0.07658826 1.896876 1
-0.1537152 -0.2745577 1.832425 1
-0.1811543 -0.5106271 1.825074 1
-0.174741 -0.5365919 1.74396 1
0.06940383 0.06747606 1.918249 1
0.1032317 -0.2823665 1.819531 1
0.09442212 -0.5112408 1.831051 1
0.1008353 -0.5372057 1.749938 1
0.00143779 0.1436924 1.923846 1
0.004359056 0.201406 1.981297 1
0.02554349 0.5622098 2.02241 1
0.03344673 0.7407195 2.018787 1
-0.1503579 0.4510781 2.014523 1
-0.3277348 0.3919204 2.008281 1
-0.4752316 0.4153861 1.88189 1
-0.499638 0.4084288 1.827491 1
0.1807058 0.4449455 2.017157 1
0.2538761 0.2481968 2.011944 1
0.300229 0.07751398 1.936177 1
0.3087601 0.007670626 1.89545 1
-0.07987946 0.07638411 1.90316 1
-0.1546323 -0.2743908 1.833933 1
-0.1818685 -0.510201 1.828196 1
-0.1804617 -0.536136 1.746833 1
0.06715767 0.06706728 1.914921 1
0.09014316 -0.2905742 1.837284 1
0.09241411 -0.5140227 1.839643 1
0.09382093 -0.5399577 1.758279 1
0.0006390428 0.1451158 1.925702 1
0.005878997 0.2025669 1.983306 1
0.02748644 0.5626453 2.0245 1
0.03254734 0.741183 2.019061 1
-0.1523331 0.4516658 2.026903 1
-0.3279 0.3891075 2.025674 1
-0.4689658 0.4165379 1.892318 1
-0.5007798 0.4082754 1.830666 1
0.1819083 0.4465202 2.01651 1
0.2553286 0.2519377 2.00921 1
0.303018 0.08163433 1.933556 1
0.3148725 0.01259731 1.892297 1
-0.08044168 0.07747149 1.906755 1
-0.1558292 -0.2737186 1.834519 1
-0.1818908 -0.5130889 1.832601 1
-0.1835205 -0.5389923 1.751234 1
0.06676561 0.06792524 1.913818 1
0.08274926 -0.2891632 1.855024 1
0.08428827 -0.5196155 1.85591 1
0.08265853 -0.5455188 1.774543 1
0.001346714 0.1461911 1.926668 1
0.007827008 0.2034326 1.984657 1
0.02943785 0.5631891 2.027561 1
0.03308022 0.7416437 2.020464 1
-0.1524212 0.4548317 2.035019 1
-0.3265359 0.4009416 2.055743 1
-0.4552189 0.4113281 1.90697 1
-0.5018274 0.4025636 1.83515 1
0.1821927 0.4469714 2.016722 1
0.2551865 0.2518486 2.009142 1
0.3066164 0.0838486 1.930474 1
0.3231509 0.0167425 1.887676 1
-0.07913508 0.07834063 1.907454 1
-0.1571407 -0.273543 1.835309 1
-0.1824256 -0.5151082 1.834204 1
-0.1856698 -0.5409311 1.752862 1
0.06769414 0.06908386 1.913203 1
0.0822884 -0.2909021 1.868189 1
0.08154272 -0.520008 1.871815 1
0.07829848 -0.5458309 1.790473 1
0.003085724 0.145916 1.92724 1
0.009265004 0.2030615 1.985562 1
0.02987249 0.5632497 2.030028 1
0.0343596 0.741126 2.02204 1
-0.1520572 0.4550049 2.03548 1
-0.3256766 0.401084 2.057882 1
-0.4553457 0.4043474 1.909744 1
-0.505408 0.3874304 1.83823 1
0.1822542 0.4450511 2.017592 1
0.2522967 0.2423465 2.013833 1
0.3096603 0.07999362 1.92662 1
0.3318333 0.01683009 1.880504 1
-0.07492246 0.07750296 1.906744 1
-0.1582533 -0.2738205 1.836994 1
-0.1833687 -0.5154954 1.834996 1
-0.1863804 -0.5412605 1.753626 1
0.07001173 0.06937522 1.91308 1
0.08425102 -0.2913435 1.871251 1
0.08465548 -0.5236751 1.884029 1
0.08164374 -0.5494402 1.80266 1
0.006632776 0.1455467 1.927853 1
0.01177267 0.2022888 1.986706 1
0.03124295 0.5619835 2.033851 1
0.03814841 0.7397301 2.025011 1
-0.1514644 0.4551323 2.035463 1
-0.3250514 0.4011416 2.057758 1
-0.4543496 0.3911375 1.909649 1
-0.5044397 0.3665265 1.83645 1
0.1837164 0.4396655 2.020684 1
0.2505633 0.2350667 2.016735 1
0.311895 0.07729487 1.923227 1
0.3373406 0.01675869 1.875316 1
-0.06963255 0.07674079 1.9046 1
-0.1579152 -0.2745142 1.84075 1
-0.1871755 -0.5166293 1.836677 1
-0.1890926 -0.5422868 1.755239 1
0.07483415 0.0694197 1.913596 1
0.0918332 -0.2894506 1.869104 1
0.0852101 -0.5225123 1.886535 1
0.08329304 -0.5481698 1.805097 1
0.01158245 0.1427602 1.927856 1
0.01490834 0.1994679 1.987514 1
0.03193488 0.5600165 2.038487 1
0.04329158 0.7368455 2.028212 1
-0.1489132 0.453656 2.034226 1
-0.3233067 0.4009337 2.054785 1
-0.452546 0.3772937 1.908366 1
-0.4979475 0.3422966 1.832768 1
0.1811319 0.4298523 2.023335 1
0.248625 0.2252724 2.019227 1
0.3174934 0.07441749 1.918965 1
0.3448972 0.01530317 1.870365 1
-0.06164247 0.07345529 1.900308 1
-0.153863 -0.2784719 1.848634 1
-0.1884843 -0.5163164 1.837176 1
-0.188932 -0.5418475 1.755675 1
0.07966149 0.06844163 1.914586 1
0.102873 -0.2810026 1.85689 1
0.08620144 -0.5215397 1.886081 1
0.0857538 -0.5470709 1.80458 1
0.01609674 0.1385276 1.927643 1
0.01670272 0.1954765 1.987697 1
0.0294183 0.5561788 2.04004 1
0.04702647 0.7335194 2.031262 1
-0.1413114 0.448129 2.029926 1
-0.3183596 0.3984848 2.04492 1
-0.4458922 0.351578 1.903104 1
-0.4932098 0.3023377 1.819065 1
0.1820744 0.4224675 2.028327 1
0.2484484 0.2177705 2.019316 1
0.3245975 0.07189803 1.916733 1
0.3542626 0.01402331 1.867968 1
-0.05499783 0.0691217 1.897653 1
-0.1501634 -0.2857162 1.854817 1
-0.1896655 -0.5165179 1.837991 1
-0.1877931 -0.542003 1.756491 1
0.0846965 0.06575412 1.91578 1
0.1058895 -0.2790172 1.848545 1
0.08853672 -0.5191414 1.882602 1
0.09040915 -0.5446265 1.801101 1
0.02104608 0.1306181 1.927579 1
0.02056293 0.1882425 1.988275 1
0.02790251 0.5527303 2.042649 1
0.04844775 0.7296711 2.033711 1
-0.1409271 0.4455054 2.030266 1
-0.3212271 0.3888766 2.038579 1
-0.4404013 0.3286804 1.894334 1
-0.4806281 0.283782 1.813227 1
0.1756948 0.4142529 2.026467 1
0.2537745 0.1986775 2.018521 1
0.3440016 0.06337282 1.912537 1
0.3758467 0.007066429 1.863307 1
-0.04855493 0.0621717 1.896238 1
-0.1464438 -0.2946419 1.859309 1
-0.1900753 -0.5164276 1.838736 1
-0.1882722 -0.5418783 1.757211 1
0.08883922 0.06111452 1.916653 1
0.1098513 -0.2764558 1.838158 1
0.0915791 -0.5213881 1.876177 1
0.09338222 -0.5468389 1.794653 1
0.03377825 0.115827 1.924976 1
0.03196183 0.1748714 1.986436 1
0.02148072 0.5435671 2.043592 1
0.04349215 0.7216581 2.036001 1
-0.1459098 0.4337952 2.038371 1
-0.3260821 0.3902104 2.042786 1
-0.4120868 0.2617906 1.924018 1
-0.4171459 0.228747 1.809622 1
0.1637886 0.4087205 2.017622 1
0.2647687 0.1975208 2.020821 1
0.4037938 0.09249381 1.938846 1
0.4294603 0.07211665 1.910896 1
-0.02750295 0.04211874 1.896455 1
-0.1361075 -0.3197484 1.870713 1
-0.1947787 -0.5327308 1.842839 1
-0.1975511 -0.5581915 1.761333 1
0.1017642 0.05326799 1.9125 1
0.1177802 -0.2836711 1.830918 1
0.1216335 -0.5134416 1.835212 1
0.118861 -0.5389023 1.753707 1
0.03816986 0.1059025 1.924235 1
0.0381851 0.1656373 1.985135 1
0.0146224 0.5364421 2.040448 1
0.03337007 0.7125506 2.038807 1
-0.1485434 0.4245702 2.042088 1
-0.3238083 0.3701515 2.056477 1
-0.4000873 0.2431701 1.928949 1
-0.3747777 0.2304976 1.849813 1
0.1477421 0.3971934 2.000944 1
0.2931674 0.2024622 2.017026 1
0.4490407 0.1162622 1.944713 1
0.5028256 0.1039945 1.920895 1
-0.0218256 0.03413919 1.898685 1
-0.1325874 -0.3228132 1.874138 1
-0.1930771 -0.5352203 1.846562 1
-0.201118 -0.5609133 1.765471 1
0.1055696 0.04762506 1.911048 1
0.1222306 -0.2951232 1.83321 1
0.1242548 -0.516323 1.837094 1
0.116214 -0.5420159 1.756003 1
0.04551888 0.08546887 1.926035 1
0.04723006 0.1373015 1.983069 1
0.001491763 0.4635536 2.00999 1
0.009693684 0.6742935 2.035429 1
-0.1522875 0.3988032 2.04107 1
-0.3254583 0.3699821 2.083982 1
-0.307585 0.2084714 1.922424 1
-0.2739302 0.1802668 1.881404 1
0.1408788 0.3958627 1.990275 1
0.3511545 0.2615573 2.010134 1
0.5250242 0.1976057 1.968258 1
0.5818005 0.1931702 1.949086 1
-0.007198925 0.008706073 1.911435 1
-0.1121842 -0.3461247 1.883766 1
-0.1854433 -0.5545361 1.859107 1
-0.2222384 -0.6000956 1.816142 1
0.1123188 0.03335389 1.909622 1
0.1250047 -0.3425967 1.850009 1
0.1268408 -0.5620506 1.850847 1
0.1143711 -0.5887452 1.770637 1
0.04594432 0.07971916 1.928001 1
0.04874822 0.1379133 1.983559 1
-0.008933669 0.4954243 2.009965 1
0.001221554 0.6805834 2.035103 1
-0.1550436 0.3879436 2.042459 1
-0.3000891 0.2839746 2.083862 1
-0.2640367 0.1706949 1.926311 1
-0.2377304 0.1471165 1.87771 1
0.1361883 0.3942139 1.981266 1
0.3586128 0.2822379 2.005793 1
0.5396988 0.2387148 1.970968 1
0.5962199 0.2430224 1.951047 1
-0.006350951 0.0007295392 1.919522 1
-0.1100893 -0.3520487 1.884175 1
-0.1808321 -0.5612115 1.86266 1
-0.2205729 -0.5960085 1.81282 1
0.1135506 0.02816929 1.909117 1
0.1252771 -0.3435714 1.852223 1
0.1225881 -0.5599123 1.871966 1
0.1907661 -0.5755788 1.891474 1
0.04643162 0.07152535 1.93182 1
0.04962848 0.1341727 1.985172 1
-0.01008557 0.4933541 2.007148 1
-0.01323787 0.6655785 2.032602 1
-0.1571115 0.3729957 2.043227 1
-0.2852107 0.2636347 2.101356 1
-0.2577765 0.1281682 1.9621 1
-0.2182758 0.1022 1.925038 1
0.1343138 0.391425 1.973134 1
0.3660473 0.3115992 1.996514 1
0.5508454 0.283507 1.968407 1
0.6060069 0.2918121 1.946124 1
-0.006371324 -0.01178067 1.932023 1
-0.1075002 -0.3574069 1.884831 1
-0.1726576 -0.5682415 1.8652 1
-0.2238003 -0.5897835 1.818374 1
0.1158342 0.02042351 1.909543 1
0.1248426 -0.3410982 1.856386 1
0.1192217 -0.5571467 1.876804 1
0.1817113 -0.589433 1.89483 1
0.05119202 0.06134265 1.935983 1
0.05659721 0.1267826 1.986452 1
-0.01633566 0.4752136 1.996249 1
-0.0466478 0.6277062 2.019754 1
-0.156146 0.3320167 2.049753 1
-0.2554345 0.2056631 2.122054 1
-0.1830478 0.08370116 1.986867 1
-0.1435537 0.05773725 1.94981 1
0.1278965 0.3710501 1.950233 1
0.3720696 0.3438926 1.961644 1
0.5593841 0.3407201 1.940071 1
0.5853324 0.3591481 1.913666 1
-0.001656462 -0.02847587 1.948718 1
-0.1054896 -0.3631474 1.886534 1
-0.1678415 -0.5748287 1.867887 1
-0.1906052 -0.5295936 1.815851 1
0.1271581 0.01072977 1.906601 1
0.1299694 -0.3481385 1.868378 1
0.1182159 -0.5649009 1.884024 1
0.1895074 -0.5633239 1.897706 1
0.05796807 0.04900042 1.940004 1
0.06147268 0.1155575 1.989211 1
-0.02218349 0.4642186 1.994876 1
-0.0566299 0.6158127 2.018684 1
-0.1525381 0.3273349 2.052658 1
-0.2335683 0.1940856 2.132416 1
-0.1797242 0.07465103 1.985759 1
-0.140236 0.04869096 1.948709 1
0.126529 0.3691045 1.947318 1
0.367238 0.3588241 1.936114 1
0.54801 0.3842334 1.880631 1
0.5760999 0.4006609 1.853356 1
0.005222591 -0.0382717 1.955504 1
-0.098663 -0.3689541 1.891054 1
-0.1681757 -0.5784971 1.866757 1
-0.1720092 -0.5568554 1.797554 1
0.135449 0.003111944 1.906144 1
0.1492725 -0.3477548 1.884508 1
0.1160888 -0.5649754 1.881394 1
0.08882828 -0.5960405 1.806637 1
0.06118494 0.0614133 1.948074 1
0.06632398 0.1273277 1.995554 1
-0.03013947 0.4732183 2.004742 1
-0.07322972 0.6221074 2.023665 1
-0.1500306 0.3435197 2.075155 1
-0.2282134 0.1976118 2.138887 1
-0.1813002 0.0803213 1.987819 1
-0.1418199 0.05436644 1.950776 1
0.1165538 0.3790009 1.945656 1
0.3626811 0.3804678 1.914854 1
0.5386437 0.3980609 1.839944 1
0.5522161 0.4073703 1.812051 1
0.01576531 -0.02266076 1.971743 1
-0.0853887 -0.4284854 1.91028 1
-0.1392248 -0.5402766 1.870275 1
-0.1723935 -0.5725001 1.798442 1
0.1375754 0.01562972 1.907182 1
0.1605912 -0.3361803 1.894788 1
0.1226553 -0.553364 1.882613 1
0.08948661 -0.5855875 1.810781 1
0.06200499 0.07431664 1.959321 1
0.0686152 0.14323 2.007339 1
-0.04066304 0.5004992 2.026155 1
-0.08909812 0.6456927 2.032912 1
-0.1476869 0.3647943 2.087107 1
-0.2245322 0.2360961 2.1754 1
-0.2213254 0.1186512 2.016769 1
-0.2678582 0.09616528 1.98622 1
0.09367841 0.400123 1.94768 1
0.347112 0.3971204 1.911124 1
0.5251412 0.4019667 1.83989 1
0.5496465 0.4123158 1.809026 1
0.0251425 -0.007075436 1.983912 1
-0.05596244 -0.4127641 1.930944 1
-0.1559474 -0.6096042 1.901678 1
-0.1491972 -0.5624111 1.846907 1
0.1300204 0.03311044 1.917175 1
0.1718086 -0.3130727 1.911438 1
0.135169 -0.5424771 1.902553 1
0.09735379 -0.575335 1.833357 1
0.06216431 0.07968758 1.961189 1
0.06899226 0.1485334 2.009164 1
-0.04273547 0.5036331 2.029769 1
-0.08682771 0.6545608 2.04361 1
-0.153254 0.3742015 2.094431 1
-0.2275434 0.2394611 2.177232 1
-0.2354423 0.1262402 2.005256 1
-0.2049954 0.07474138 2.000252 1
0.08640486 0.4034618 1.949277 1
0.338406 0.4120081 1.919651 1
0.5172632 0.4177964 1.851094 1
0.5494317 0.429646 1.816709 1
0.02560299 -0.002197469 1.983871 1
-0.05525992 -0.4086008 1.937385 1
-0.1519412 -0.6071439 1.909168 1
-0.1387806 -0.5636592 1.85252 1
0.1296484 0.04198377 1.919259 1
0.1733195 -0.3115993 1.91243 1
0.1362478 -0.5451199 1.929545 1
0.09719179 -0.5782034 1.861145 1
0.06174617 0.08062855 1.961861 1
0.06895056 0.1494091 2.009942 1
-0.04152572 0.5051665 2.03248 1
-0.08283509 0.6561849 2.048294 1
-0.1543844 0.3761701 2.095829 1
-0.233283 0.2428763 2.177132 1
-0.237527 0.1279463 2.003264 1
-0.220761 0.0706773 2.009844 1
0.082201 0.4022482 1.950387 1
0.3356603 0.4126753 1.920438 1
0.5171307 0.4246272 1.86219 1
0.5550047 0.4410024 1.832782 1
0.02523104 -0.0009867314 1.983799 1
-0.05603486 -0.4076143 1.940327 1
-0.1499703 -0.6075268 1.913523 1
-0.1363335 -0.5635178 1.857426 1
0.1281322 0.04351118 1.920166 1
0.1704651 -0.3114305 1.913634 1
0.1362927 -0.5456001 1.929813 1
0.09679774 -0.5785475 1.861635 1
0.06077769 0.08012639 1.961754 1
0.06824248 0.1484613 2.010085 1
-0.04099707 0.5021793 2.035156 1
-0.07754362 0.6554163 2.052615 1
-0.1556372 0.3753576 2.097041 1
-0.236986 0.2427477 2.177546 1
-0.2378471 0.1279373 2.001023 1
-0.2381341 0.08966718 1.946332 1
0.08061828 0.3981718 1.951546 1
0.3340397 0.4105446 1.924343 1
0.5171964 0.424943 1.874215 1
0.5635887 0.4443755 1.845295 1
0.0232593 -0.001379762 1.982136 1
-0.05799429 -0.4082747 1.941414 1
-0.1471891 -0.610392 1.916137 1
-0.1316104 -0.556809 1.86975 1
0.1268258 0.04277493 1.920029 1
0.1592489 -0.3226107 1.912635 1
0.1361844 -0.5462884 1.929184 1
0.09660327 -0.5789654 1.860968 1
0.05750528 0.06969939 1.954958 1
0.06470555 0.1349449 2.006064 1
-0.03550464 0.4795823 2.040338 1
-0.07014453 0.6414158 2.059116 1
-0.1476174 0.3583152 2.092331 1
-0.2441366 0.2388506 2.175543 1
-0.2394825 0.1217007 2.008771 1
-0.2825312 0.08444323 1.98973 1
0.0893032 0.3726249 1.957902 1
0.3428247 0.3755659 1.943787 1
0.529082 0.3827817 1.910543 1
0.5869027 0.4097323 1.882221 1
0.01869663 -0.01235199 1.973766 1
-0.06742401 -0.4353186 1.932573 1
-0.1051671 -0.5263984 1.913052 1
-0.1426876 -0.5573736 1.842904 1
0.1222431 0.02629957 1.905341 1
0.1462605 -0.3438723 1.905998 1
0.1331609 -0.5612482 1.918915 1
0.1811039 -0.5849123 1.869852 1
0.05658049 0.0629563 1.950342 1
0.06305488 0.126394 2.003166 1
-0.03256584 0.4722855 2.041129 1
-0.06762394 0.6319001 2.060082 1
-0.1425713 0.3283413 2.082295 1
-0.2501003 0.2328451 2.178251 1
-0.2500244 0.1204647 2.01564 1
-0.2300771 0.09314407 1.966079 1
0.09535336 0.3661411 1.961536 1
0.3488534 0.3640161 1.948193 1
0.5353808 0.3677269 1.916485 1
0.589152 0.3922695 1.890552 1
0.01580522 -0.02133282 1.967689 1
-0.06073119 -0.4040126 1.923103 1
-0.13608 -0.611027 1.915899 1
-0.1088257 -0.5503334 1.886934 1
0.1228217 0.02008409 1.899802 1
0.1447985 -0.347564 1.904658 1
0.131372 -0.5653871 1.914891 1
0.1879703 -0.5717393 1.869927 1
0.05672552 0.05781922 1.945855 1
0.06250212 0.1206736 1.99981 1
-0.03298373 0.4686873 2.040795 1
-0.0670694 0.6277699 2.060234 1
-0.1468389 0.3317862 2.088434 1
-0.252814 0.2287858 2.179488 1
-0.2292187 0.1248218 2.012718 1
-0.2005117 0.09651236 1.968308 1
0.1012663 0.362317 1.966118 1
0.3542913 0.3510343 1.957322 1
0.5412638 0.3466152 1.930694 1
0.591674 0.3732092 1.90617 1
0.01370534 -0.02838154 1.958416 1
-0.06070019 -0.4045733 1.923237 1
-0.1081234 -0.5346431 1.903784 1
-0.1121921 -0.602568 1.878579 1
0.1252854 0.0161458 1.897501 1
0.1444449 -0.3493377 1.903449 1
0.1303838 -0.5680259 1.907623 1
0.1957094 -0.5596554 1.877158 1
0.05452238 0.06037711 1.94572 1
0.06093847 0.1225191 1.999542 1
-0.03435268 0.4688422 2.040839 1
-0.06737465 0.6278917 2.060357 1
-0.1578392 0.3374948 2.098341 1
-0.2594598 0.2219781 2.181175 1
-0.1823874 0.1459113 2.012476 1
-0.16036 0.1125641 1.967751 1
0.100561 0.3625454 1.967047 1
0.3533895 0.3497988 1.960194 1
0.5404755 0.343585 1.935924 1
0.5866579 0.3668919 1.914788 1
0.01137817 -0.02557653 1.957951 1
-0.05734487 -0.3979295 1.927626 1
-0.1323994 -0.6058245 1.902936 1
-0.1543631 -0.567557 1.845324 1
0.1240752 0.01823433 1.897963 1
0.1444352 -0.349353 1.903409 1
0.1310815 -0.5686152 1.903445 1
0.1987687 -0.551938 1.883292 1
0.05481303 0.06314113 1.945915 1
0.06043227 0.1255993 1.999906 1
-0.03750427 0.4742373 2.0407 1
-0.0702254 0.6316774 2.060437 1
-0.1571087 0.3388239 2.093772 1
-0.2620813 0.2248659 2.175034 1
-0.1315498 0.1626268 1.954054 1
-0.1072696 0.1305599 1.909558 1
0.09756303 0.3675303 1.967939 1
0.350287 0.3529187 1.961169 1
0.5375498 0.3471204 1.939823 1
0.583727 0.3677046 1.921881 1
0.01278738 -0.02092488 1.958454 1
-0.03844833 -0.3615438 1.945382 1
-0.1170244 -0.5672238 1.901169 1
-0.151353 -0.5969853 1.828883 1
0.1242984 0.0231106 1.899313 1
0.149827 -0.3420244 1.903932 1
0.1314315 -0.5611577 1.902099 1
0.2008417 -0.5779526 1.889184 1
0.05393554 0.07645771 1.949964 1
0.05953908 0.139838 2.002719 1
-0.04285885 0.4875872 2.039272 1
-0.07564095 0.6411806 2.059442 1
-0.1632011 0.3651195 2.098842 1
-0.2632537 0.2441441 2.177001 1
-0.1323473 0.1717741 1.959582 1
-0.1080667 0.1397067 1.915085 1
0.09098797 0.3816973 1.965042 1
0.3427508 0.3900146 1.959074 1
0.5301281 0.3828303 1.943146 1
0.5806581 0.3991655 1.926045 1
0.0140486 -0.005805595 1.964253 1
-0.03711456 -0.3592986 1.94726 1
-0.1157398 -0.564937 1.902416 1
-0.1608191 -0.6110675 1.869139 1
0.1229489 0.03554267 1.904481 1
0.1553423 -0.3301261 1.908127 1
0.1332215 -0.5490865 1.90494 1
0.1608455 -0.6149542 1.917818 1
0.05554469 0.08762681 1.953915 1
0.06129763 0.1519851 2.004995 1
-0.04653542 0.497996 2.036645 1
-0.08082605 0.6489484 2.057007 1
-0.1621561 0.3750308 2.098044 1
-0.2596497 0.2541079 2.178675 1
-0.1313178 0.1777035 1.96111 1
-0.107037 0.1456359 1.916613 1
0.08374038 0.393567 1.959761 1
0.3365874 0.4078794 1.950803 1
0.5239337 0.4293675 1.926239 1
0.5802842 0.4465701 1.910985 1
0.01952199 0.006936521 1.972039 1
-0.02703511 -0.3438774 1.954502 1
-0.1106604 -0.547073 1.905905 1
-0.1478712 -0.5785251 1.835837 1
0.1230057 0.04672575 1.907901 1
0.1549855 -0.3168092 1.914897 1
0.1346603 -0.5463539 1.91396 1
0.09744948 -0.577806 1.843892 1
0.05541045 0.09021479 1.959393 1
0.06298503 0.1539298 2.006736 1
-0.0412643 0.4827694 2.028635 1
-0.08421956 0.6557163 2.053084 1
-0.1607452 0.3805783 2.096473 1
-0.2551916 0.2624276 2.182865 1
-0.1333891 0.1795404 1.963863 1
-0.1091197 0.1474879 1.919387 1
0.07451873 0.4086708 1.952985 1
0.3261309 0.4411489 1.930682 1
0.5123427 0.4586158 1.904617 1
0.5644966 0.4844163 1.884596 1
0.0216493 0.01120885 1.979812 1
-0.02774263 -0.3430028 1.9555 1
-0.1092825 -0.5477043 1.913936 1
-0.1486415 -0.5802695 1.845614 1
0.119279 0.05037758 1.917402 1
0.1557499 -0.3096102 1.914937 1
0.1352554 -0.5480128 1.918969 1
0.1432977 -0.6091407 1.957136 1
0.05671617 0.09416194 1.960322 1
0.06456266 0.1610166 2.007351 1
-0.04948042 0.5105821 2.026202 1
-0.0875008 0.6609552 2.050254 1
-0.1596136 0.3839402 2.096233 1
-0.2490995 0.2685921 2.189473 1
-0.1995426 0.1681478 2.026629 1
-0.1946441 0.1304971 1.980235 1
0.07063709 0.4134889 1.949042 1
0.3210679 0.4535406 1.91804 1
0.5068102 0.4964527 1.866138 1
0.5575506 0.5217955 1.846717 1
0.02410418 0.01569505 1.982069 1
-0.03120213 -0.3421865 1.956471 1
-0.1077901 -0.5489457 1.917565 1
-0.1499672 -0.5964051 1.882586 1
0.1202564 0.05457346 1.917335 1
0.1551975 -0.3054016 1.910931 1
0.1352302 -0.5485107 1.921267 1
0.09485256 -0.5820906 1.854072 1
0.05727664 0.09486655 1.960766 1
0.06530574 0.1620617 2.007492 1
-0.04951965 0.5106059 2.026212 1
-0.08907554 0.6601389 2.046197 1
-0.1572805 0.3850784 2.094222 1
-0.2389793 0.2702255 2.193453 1
-0.2606912 0.1469797 2.041353 1
-0.2249735 0.1090341 1.979184 1
0.06979715 0.4168286 1.945615 1
0.3178848 0.4633223 1.895613 1
0.5071263 0.5133976 1.83309 1
0.5552709 0.5424287 1.812248 1
0.02489069 0.01674976 1.982775 1
-0.04097952 -0.3390163 1.953616 1
-0.1194606 -0.5450433 1.914956 1
-0.1517523 -0.599962 1.880463 1
0.1208279 0.05567833 1.91772 1
0.1535528 -0.3010376 1.898671 1
0.1345151 -0.5492875 1.920609 1
0.09353764 -0.5830526 1.853937 1
0.05744993 0.09307073 1.960975 1
0.06571846 0.1609873 2.007271 1
-0.04888788 0.5078692 2.0243 1
-0.09090624 0.6563511 2.041522 1
-0.1535115 0.3837043 2.091366 1
-0.2302286 0.2624124 2.187639 1
-0.1900478 0.1298944 2.027785 1
-0.1766542 0.08572174 1.978651 1
0.06895348 0.4158533 1.943036 1
0.3134636 0.4640433 1.870959 1
0.4959695 0.509468 1.80485 1
0.5321622 0.5340657 1.779169 1
0.02486002 0.0147586 1.983477 1
-0.05436915 -0.3323811 1.941957 1
-0.1232899 -0.5422446 1.916149 1
-0.1505817 -0.5993387 1.880889 1
0.1207806 0.05515942 1.917804 1
0.1504681 -0.3020937 1.893568 1
0.1321909 -0.5498396 1.917219 1
0.09075803 -0.5838482 1.85096 1
0.05669122 0.08302468 1.95893 1
0.06572951 0.1518456 2.00485 1
-0.0464881 0.498266 2.020892 1
-0.09074572 0.6460945 2.036774 1
-0.1469816 0.3743585 2.08656 1
-0.2264132 0.2560785 2.184072 1
-0.1888002 0.1269887 2.030035 1
-0.1762626 0.08395873 1.982841 1
0.07112224 0.4088595 1.937792 1
0.3175803 0.4370421 1.859993 1
0.4911565 0.4755112 1.779495 1
0.5292263 0.5030659 1.759183 1
0.02190248 0.003562656 1.982973 1
-0.0657104 -0.3288684 1.928691 1
-0.126223 -0.5450975 1.912774 1
-0.150956 -0.6052183 1.880815 1
0.1206906 0.0458538 1.914407 1
0.1483963 -0.3058725 1.889039 1
0.128537 -0.5476542 1.906679 1
0.1302335 -0.6044891 1.951561 1
0.05257576 0.07892926 1.958159 1
0.06483591 0.1479291 2.002348 1
-0.04289138 0.4886747 2.017596 1
-0.08873242 0.6354281 2.031293 1
-0.1615106 0.3554442 2.115049 1
-0.236968 0.2257013 2.203047 1
-0.1689606 0.1157291 2.054763 1
-0.1977331 0.1022378 2.003956 1
0.07688206 0.3931142 1.932105 1
0.3258354 0.4040323 1.859924 1
0.5017118 0.4169044 1.783666 1
0.5355147 0.4362704 1.763426 1
0.01034216 -0.007310321 1.982733 1
-0.07613249 -0.3319273 1.911709 1
-0.1312124 -0.54787 1.905301 1
-0.1390674 -0.6140311 1.876977 1
0.1182782 0.0387327 1.912103 1
0.1467652 -0.3143237 1.88542 1
0.1281207 -0.5332459 1.882867 1
0.08280043 -0.5678535 1.819599 1
0.04702413 0.07314796 1.955242 1
0.06010089 0.1407414 1.999694 1
-0.04083261 0.4781321 2.014481 1
-0.08378741 0.6261468 2.027815 1
-0.1631576 0.3529227 2.116823 1
-0.2372566 0.2226042 2.205023 1
-0.1685818 0.1172756 2.053462 1
-0.1953842 0.1002725 2.002655 1
0.08594336 0.3806455 1.930439 1
0.3330255 0.3576889 1.875701 1
0.5149766 0.3409565 1.821111 1
0.5458868 0.3683189 1.795944 1
0.0009124894 -0.01500906 1.978617 1
-0.09129141 -0.365025 1.891578 1
-0.1443143 -0.5772099 1.89759 1
-0.1410447 -0.6290927 1.847209 1
0.1155988 0.02867742 1.907917 1
0.1461238 -0.3285137 1.88408 1
0.1255555 -0.5470582 1.883649 1
0.08078583 -0.581115 1.8197 1
0.03987262 0.05947231 1.953013 1
0.05406233 0.1285553 1.998201 1
-0.04002567 0.4762707 2.013445 1
-0.08103185 0.6256614 2.027328 1
-0.1641238 0.3528528 2.116338 1
-0.2377143 0.2214861 2.203635 1
-0.1366889 0.1020302 2.016294 1
-0.159312 0.07479443 1.96797 1
0.09332438 0.3751501 1.934436 1
0.341993 0.3253773 1.903324 1
0.5245718 0.2904366 1.866299 1
0.5802916 0.2992209 1.846127 1
-0.006308259 -0.02655434 1.973 1
-0.09188122 -0.3681379 1.887645 1
-0.1437545 -0.5810358 1.890727 1
-0.1167246 -0.616576 1.833741 1
0.1079267 0.0100526 1.910297 1
0.1458291 -0.3372607 1.882644 1
0.1234052 -0.5557041 1.881731 1
0.08009491 -0.5889638 1.816369 1
0.03742802 0.06098367 1.952657 1
0.04989406 0.1285709 1.999532 1
-0.03919905 0.4770654 2.013315 1
-0.07491447 0.6287934 2.027941 1
-0.1774823 0.35538 2.119148 1
-0.2502336 0.2242994 2.207297 1
-0.1449628 0.1154601 2.015795 1
-0.1675862 0.08822392 1.967471 1
0.1038377 0.3790723 1.947155 1
0.3498355 0.3172545 1.925995 1
0.5297045 0.2646528 1.919365 1
0.5859913 0.266958 1.898984 1
-0.01314181 -0.02484213 1.968011 1
-0.09086487 -0.3700429 1.882564 1
-0.1407213 -0.5838187 1.882695 1
-0.1454179 -0.6270366 1.824797 1
0.107278 0.01051289 1.911428 1
0.1460246 -0.3373949 1.882319 1
0.1213578 -0.555994 1.877768 1
0.08203334 -0.5883361 1.809482 1
0.03283635 0.07299846 1.951717 1
0.04062178 0.1377872 2.002053 1
-0.03503717 0.4924753 2.017389 1
-0.05787051 0.6596535 2.028093 1
-0.1825603 0.3664018 2.099147 1
-0.3113961 0.2775049 2.177852 1
-0.2417244 0.1930984 2.013202 1
-0.2311553 0.1445961 1.97969 1
0.1220199 0.3977795 1.968112 1
0.3514473 0.3230121 1.966081 1
0.5282158 0.2634736 1.97234 1
0.5878125 0.2580934 1.969798 1
-0.0221228 -0.01146332 1.958528 1
-0.08852237 -0.3671036 1.877829 1
-0.1406896 -0.5802131 1.87799 1
-0.1641105 -0.624051 1.825354 1
0.1061762 0.02010159 1.916098 1
0.1484461 -0.3283214 1.883938 1
0.1235358 -0.5472571 1.87325 1
0.09320503 -0.5775551 1.799657 1
0.02637109 0.09938692 1.953464 1
0.02990466 0.1624838 2.006275 1
-0.03122249 0.5192242 2.023273 1
-0.03707954 0.6909164 2.029068 1
-0.1901377 0.4112529 2.075685 1
-0.3349042 0.3306264 2.138847 1
-0.274888 0.2223613 1.985648 1
-0.2664021 0.1769904 1.94749 1
0.128586 0.4128121 1.981187 1
0.3534671 0.3400274 2.004602 1
0.5287964 0.2822701 2.024654 1
0.587535 0.2706609 2.025876 1
-0.0339147 0.01853973 1.947375 1
-0.0860737 -0.3537207 1.873025 1
-0.1394521 -0.566485 1.872847 1
-0.1587351 -0.6283975 1.84068 1
0.103728 0.04233297 1.929682 1
0.1579532 -0.2935393 1.900071 1
0.1301091 -0.5123835 1.869401 1
0.1088076 -0.5411299 1.792121 1
0.02352798 0.1195867 1.95641 1
0.02319103 0.1820467 2.010321 1
-0.03019929 0.5408617 2.027262 1
-0.02853262 0.7150074 2.029919 1
-0.1918243 0.4290822 2.061499 1
-0.3516263 0.3819896 2.122882 1
-0.3270249 0.2944047 1.94659 1
-0.3212498 0.2767313 1.943193 1
0.1322681 0.4425621 2.00148 1
0.3480906 0.370214 2.045064 1
0.5228224 0.3136916 2.069952 1
0.583103 0.3025009 2.071062 1
-0.03823046 0.03789649 1.944091 1
-0.08553822 -0.3442559 1.874991 1
-0.1388812 -0.557543 1.869006 1
-0.1528784 -0.5855555 1.789817 1
0.1026975 0.05989099 1.939781 1
0.1569817 -0.2805544 1.911466 1
0.1339287 -0.4994883 1.871653 1
0.1199316 -0.5275008 1.792465 1
0.01925445 0.1446078 1.961936 1
0.01543048 0.2057612 2.016063 1
-0.02202085 0.5648637 2.031061 1
-0.01822007 0.7457549 2.035877 1
-0.193058 0.4564875 2.034561 1
-0.3612513 0.42156 2.084962 1
-0.3527322 0.327506 1.880647 1
-0.3382765 0.2810957 1.845765 1
0.1305855 0.4642316 2.014542 1
0.343655 0.3876668 2.070613 1
0.5209827 0.343896 2.110014 1
0.5946725 0.3332413 2.110827 1
-0.04611184 0.06627642 1.944496 1
-0.08784456 -0.3265921 1.882185 1
-0.1363068 -0.5459061 1.867254 1
-0.1409568 -0.5733368 1.78682 1
0.09795114 0.08213043 1.951395 1
0.1550768 -0.2703777 1.917827 1
0.14207 -0.4903901 1.885128 1
0.1374201 -0.5178209 1.804694 1
0.01292606 0.1596231 1.965768 1
0.005531341 0.2198689 2.019501 1
-0.01806022 0.576687 2.032971 1
-0.01455232 0.7502133 2.036542 1
-0.1902263 0.4757793 2.009462 1
-0.3709443 0.4604046 2.032001 1
-0.3862251 0.3986759 1.828934 1
-0.4140474 0.4000565 1.775984 1
0.1303939 0.4767555 2.027581 1
0.3403136 0.40913 2.103682 1
0.5197197 0.3639069 2.133849 1
0.5935228 0.3559457 2.134898 1
-0.05501162 0.08491328 1.943556 1
-0.101915 -0.2829831 1.882717 1
-0.1360568 -0.5475127 1.868293 1
-0.1314258 -0.5746859 1.787821 1
0.08992015 0.09427118 1.960627 1
0.1408752 -0.2558844 1.924187 1
0.1439729 -0.4762199 1.891586 1
0.1486038 -0.5033932 1.811114 1
0.006196656 0.1707491 1.968577 1
-0.004887178 0.2303748 2.021244 1
-0.01415503 0.5848287 2.03386 1
-0.007553035 0.754635 2.037348 1
-0.186806 0.4906087 1.990207 1
-0.3732862 0.5027806 1.97899 1
-0.4149464 0.4317783 1.749774 1
-0.4211804 0.4394481 1.749456 1
0.1365018 0.4881219 2.049875 1
0.3451467 0.4157544 2.127185 1
0.5230895 0.3945599 2.172784 1
0.5954446 0.3910231 2.170137 1
-0.06518693 0.09739961 1.942078 1
-0.1125777 -0.2736554 1.886369 1
-0.1374141 -0.5479359 1.873643 1
-0.1231205 -0.5751682 1.794324 1
0.0830258 0.1012177 1.967346 1
0.138179 -0.2567602 1.924353 1
0.14438 -0.477081 1.894557 1
0.1586737 -0.5043133 1.815238 1
-0.0003467978 0.1758961 1.971093 1
-0.01574567 0.2359137 2.021512 1
-0.01156721 0.5891533 2.033002 1
-0.001148519 0.7570773 2.038275 1
-0.1752508 0.4948168 1.964399 1
-0.3679512 0.5715168 1.925466 1
-0.433372 0.4903726 1.729609 1
-0.4459581 0.4785626 1.692389 1
0.1430738 0.4877406 2.07075 1
0.3432948 0.4203675 2.150149 1
0.5232562 0.4020881 2.186463 1
0.5939785 0.4107411 2.190449 1
-0.07311975 0.1038651 1.939457 1
-0.1258641 -0.2706537 1.889592 1
-0.1446912 -0.5492278 1.878347 1
-0.1199545 -0.5769301 1.801842 1
0.07077405 0.1032243 1.979443 1
0.1251486 -0.2567275 1.919082 1
0.1340934 -0.4768953 1.901524 1
0.1588301 -0.5045976 1.825019 1
-0.01063121 0.1763785 1.972902 1
-0.02776163 0.2380792 2.021016 1
-0.01009931 0.5911009 2.032551 1
0.005545917 0.7567891 2.037622 1
-0.1616358 0.4944139 1.944023 1
-0.3712768 0.5454125 1.853344 1
-0.4531875 0.5309374 1.673009 1
-0.4642266 0.5156403 1.640072 1
0.143523 0.4781719 2.084759 1
0.3369628 0.4208055 2.166637 1
0.5165627 0.4085152 2.206092 1
0.5969027 0.4183064 2.205005 1
-0.08393803 0.107299 1.935717 1
-0.1416365 -0.2620036 1.890358 1
-0.1501929 -0.5471145 1.88155 1
-0.1174719 -0.5755763 1.808376 1
0.05321958 0.09888376 1.989067 1
0.1179523 -0.2578472 1.915178 1
0.1243075 -0.4966066 1.905803 1
0.1570284 -0.5250685 1.832629 1
-0.01807268 0.1765589 1.974471 1
-0.0391178 0.2395213 2.019231 1
-0.009230383 0.5910653 2.031492 1
0.01250221 0.755962 2.038821 1
-0.1514922 0.4896883 1.925255 1
-0.3452002 0.5484887 1.808781 1
-0.4560086 0.5471547 1.64526 1
-0.4667928 0.5451274 1.599562 1
0.1435957 0.4608006 2.110684 1
0.3222025 0.4120075 2.18967 1
0.4996696 0.3999723 2.236042 1
0.5797961 0.4111384 2.231866 1
-0.09010486 0.1083581 1.930426 1
-0.1547318 -0.2609628 1.889593 1
-0.1533839 -0.5471812 1.883016 1
-0.1119171 -0.576685 1.814841 1
0.03890336 0.09240405 2.001005 1
0.1067509 -0.2633621 1.917032 1
0.09583487 -0.5264217 1.923038 1
0.09956408 -0.5885298 1.886188 1
-0.04782922 0.1320112 1.965171 1
-0.06894444 0.2043711 2.008075 1
-0.00722803 0.5858781 2.028978 1
0.01720166 0.749378 2.038658 1
-0.1148979 0.4720512 1.904261 1
-0.3276479 0.5394658 1.778842 1
-0.4360744 0.5628954 1.615396 1
-0.4607425 0.5583765 1.588821 1
0.1343061 0.4522797 2.111417 1
0.2798267 0.3810972 2.209129 1
0.4639353 0.3957008 2.228177 1
0.5446504 0.4025764 2.230069 1
-0.1038489 0.09120022 1.926131 1
-0.1586257 -0.2604577 1.887286 1
-0.1547801 -0.5468516 1.882873 1
-0.1058293 -0.5784816 1.82087 1
0.00289347 0.06018299 1.986825 1
0.09422292 -0.2710245 1.928798 1
0.08395937 -0.5291067 1.926845 1
0.09504604 -0.5876812 1.885884 1
-0.04790703 0.1229765 1.966291 1
-0.07287069 0.1963713 2.005362 1
-0.004398327 0.5724394 2.02364 1
0.02100549 0.7397268 2.03733 1
-0.09951766 0.4549075 1.895668 1
-0.3085893 0.5233117 1.745239 1
-0.4290263 0.5649029 1.595409 1
-0.4498881 0.5750573 1.551067 1
0.1269007 0.4536626 2.128812 1
0.2612053 0.3721636 2.218299 1
0.4431478 0.3557708 2.247467 1
0.5235391 0.3659676 2.246764 1
-0.1039859 0.07806057 1.930343 1
-0.1598516 -0.2616744 1.878828 1
-0.1560442 -0.5468417 1.881487 1
-0.1015931 -0.5798694 1.825019 1
0.001375597 0.05705494 1.986677 1
0.08038387 -0.2817429 1.940369 1
0.0712128 -0.528729 1.903368 1
0.1256638 -0.5617567 1.8469 1
-0.05866316 0.06718763 1.960766 1
-0.08294392 0.1468709 1.997815 1
-0.0006666032 0.558381 2.018407 1
0.03243151 0.7155725 2.034751 1
-0.09057729 0.4437518 1.891776 1
-0.2732997 0.4888123 1.762786 1
-0.399308 0.5506633 1.553002 1
-0.4394338 0.5769566 1.5171 1
0.1103401 0.4253563 2.117162 1
0.2389596 0.3447524 2.233433 1
0.4242305 0.3405621 2.248507 1
0.5047459 0.349822 2.246649 1
-0.1133796 0.03295841 1.94238 1
-0.1536949 -0.2650934 1.865211 1
-0.1625804 -0.5423602 1.863235 1
-0.1061819 -0.5766612 1.809486 1
-0.01408906 0.01768816 1.967724 1
0.05891961 -0.2970184 1.948698 1
0.06653307 -0.5336204 1.897397 1
0.1229315 -0.5679213 1.843649 1
-0.064179 0.06229203 1.958903 1
-0.08777668 0.1433656 1.995439 1
-0.0001890147 0.5490942 2.013805 1
0.03469601 0.700103 2.032711 1
-0.08395605 0.4321384 1.890707 1
-0.2770522 0.4924399 1.723572 1
-0.3479546 0.5325532 1.542378 1
-0.3666143 0.5432793 1.500431 1
0.1069102 0.4151635 2.113018 1
0.2305142 0.3291902 2.243051 1
0.4069772 0.2964668 2.284393 1
0.4880134 0.29969 2.284772 1
-0.1174601 0.03016181 1.940933 1
-0.1456042 -0.271536 1.853052 1
-0.1601717 -0.5427545 1.859576 1
-0.1030501 -0.5777125 1.807012 1
-0.02258997 0.01059147 1.965516 1
0.04947235 -0.3073137 1.953538 1
0.05981179 -0.5419732 1.893668 1
0.1169334 -0.5769311 1.841104 1
-0.07793263 0.09954652 1.942835 1
-0.09667112 0.1669775 1.984307 1
0.001489485 0.5438842 2.011732 1
0.03444768 0.6946208 2.032526 1
-0.08450793 0.43159 1.890612 1
-0.2688378 0.4912714 1.721549 1
-0.3038305 0.5151408 1.526551 1
-0.3055896 0.5244561 1.471468 1
0.1011076 0.4044037 2.103967 1
0.2121447 0.3072383 2.259953 1
0.3889525 0.2847937 2.305338 1
0.4689818 0.2814987 2.31834 1
-0.1341521 0.06365036 1.885644 1
-0.1466939 -0.2783575 1.837306 1
-0.161295 -0.5398078 1.851472 1
-0.1045891 -0.5749289 1.798558 1
-0.03695281 0.01959226 1.972021 1
0.03939769 -0.317269 1.958852 1
0.04701925 -0.5431249 1.893953 1
0.1037251 -0.578246 1.841039 1
-0.09009312 0.1011416 1.933772 1
-0.1084646 0.1727902 1.975494 1
0.001237768 0.5440437 2.011345 1
0.03555201 0.6946815 2.033839 1
-0.1010168 0.4496632 1.884695 1
-0.2358654 0.4912063 1.719896 1
-0.2227616 0.5158687 1.458802 1
-0.232049 0.5298184 1.373984 1
0.09497686 0.3942176 2.100846 1
0.1541363 0.3018216 2.271705 1
0.318444 0.2944765 2.401949 1
0.3951273 0.2944447 2.427845 1
-0.1495432 0.066432 1.892802 1
-0.1553825 -0.2724078 1.838053 1
-0.1629188 -0.5409231 1.852166 1
-0.1073336 -0.576027 1.798047 1
-0.06035644 0.04104558 1.935444 1
0.006454085 -0.3083175 1.9644 1
0.002796144 -0.5315536 1.918633 1
0.05838136 -0.5666575 1.864514 1
-0.1026559 0.1055992 1.926812 1
-0.118543 0.1796585 1.970319 1
-0.0003976661 0.5514789 2.010773 1
0.03781396 0.70143 2.035801 1
-0.1103277 0.4589151 1.878587 1
-0.2011464 0.5430302 1.677606 1
-0.2012486 0.5332973 1.447628 1
-0.2105359 0.5472469 1.36281 1
0.08627006 0.3930488 2.087308 1
0.1373322 0.3323111 2.303646 1
0.3179321 0.3138345 2.468179 1
0.3719254 0.3355729 2.482663 1
-0.177783 0.07727605 1.897544 1
-0.1684272 -0.2661765 1.839199 1
-0.1670385 -0.5425204 1.852648 1
-0.1125039 -0.5776523 1.79747 1
-0.0609697 0.04265693 1.931933 1
-0.001478755 -0.2988314 1.967136 1
-0.008463966 -0.5390396 1.933879 1
0.05100702 -0.5755925 1.885067 1
-0.1071696 0.1042794 1.928873 1
-0.1221044 0.180697 1.971601 1
-0.001576469 0.5674328 2.010732 1
0.03713329 0.7177556 2.048161 1
-0.1091207 0.4577127 1.87689 1
-0.1927319 0.5662972 1.639114 1
-0.1862071 0.582867 1.4401 1
-0.1319612 0.5664237 1.420483 1
0.08388741 0.3991368 2.083639 1
0.1362577 0.3387926 2.299782 1
0.1984641 0.342459 2.464046 1
0.2433195 0.3515701 2.502812 1
-0.1868285 0.07391163 1.921455 1
-0.1698193 -0.2610436 1.855425 1
-0.1719492 -0.5427917 1.859107 1
-0.1173433 -0.578266 1.804208 1
-0.06145561 0.04398656 1.92886 1
-0.02884778 -0.2714994 1.96023 1
-0.007681708 -0.5395025 1.933226 1
0.0431078 -0.5747104 1.888445 1
-0.1121785 0.1043103 1.931564 1
-0.1268759 0.1833504 1.973781 1
-0.0007878431 0.5827001 2.014722 1
0.0370549 0.7332711 2.051504 1
-0.1072752 0.4602091 1.87466 1
-0.1696494 0.5787271 1.666271 1
-0.1839487 0.6385053 1.476787 1
-0.1608137 0.6354668 1.421529 1
0.08316702 0.4112238 2.084291 1
0.1366815 0.3531244 2.300719 1
0.2006689 0.36711 2.509268 1
0.242697 0.3800364 2.550066 1
-0.1888949 0.07454348 1.924855 1
-0.165286 -0.2629173 1.880076 1
-0.1756807 -0.5454652 1.868689 1
-0.1205267 -0.5813637 1.814609 1
-0.06355463 0.04552327 1.927859 1
-0.02776825 -0.2738038 1.965644 1
0.002036045 -0.5332558 1.932256 1
0.04333165 -0.5762541 1.891173 1
-0.1152171 0.108079 1.933492 1
-0.1303189 0.1898143 1.97614 1
5.549082E-06 0.5957928 2.019419 1
0.03838656 0.7462197 2.053308 1
-0.1086768 0.4682136 1.873173 1
-0.1656174 0.5868703 1.663543 1
-0.1655145 0.6651429 1.480837 1
-0.1423796 0.6621044 1.425579 1
0.08324365 0.4245056 2.087673 1
0.1372727 0.3665949 2.304011 1
0.1842146 0.3752682 2.524072 1
0.2315865 0.3870075 2.558943 1
-0.1882347 0.07849085 1.926827 1
-0.162947 -0.2661044 1.900324 1
-0.1765565 -0.5490184 1.88834 1
-0.1766254 -0.6116227 1.851964 1
-0.06908204 0.05059674 1.927312 1
-0.02468885 -0.2766387 1.974818 1
0.005030498 -0.5324874 1.933957 1
0.04176101 -0.5818827 1.895832 1
-0.1154873 0.107611 1.933837 1
-0.1307457 0.1897841 1.97618 1
-0.001762433 0.6010618 2.020409 1
0.04088537 0.7503589 2.054078 1
-0.1095453 0.4702869 1.87262 1
-0.1623681 0.5977787 1.656248 1
-0.165686 0.6704484 1.471116 1
-0.1425502 0.6674097 1.415856 1
0.08121295 0.4300305 2.0883 1
0.135435 0.3719645 2.304543 1
0.1768502 0.3760903 2.528303 1
0.2231716 0.3883717 2.564382 1
-0.1881883 0.07836316 1.926951 1
-0.1654144 -0.285441 1.913554 1
-0.1774051 -0.5495636 1.889504 1
-0.1215436 -0.5855838 1.836216 1
-0.06885652 0.05036616 1.927369 1
-0.023114 -0.2769159 1.97878 1
0.008515952 -0.5354977 1.935332 1
0.0412631 -0.5916331 1.903394 1
-0.1149324 0.1080035 1.932946 1
-0.1309044 0.1905184 1.975102 1
-0.002908888 0.6027658 2.021161 1
0.03886851 0.7523606 2.056635 1
-0.1059951 0.4686639 1.872565 1
-0.1623831 0.5976242 1.656588 1
-0.1646302 0.6697637 1.471232 1
-0.1414945 0.666725 1.415972 1
0.07997985 0.4317705 2.088897 1
0.1342627 0.3737076 2.305104 1
0.1858182 0.3731325 2.540805 1
0.232208 0.3901309 2.574822 1
-0.1770036 0.08028995 1.914054 1
-0.1543166 -0.2570658 1.92041 1
-0.1792451 -0.5483816 1.889774 1
-0.1226486 -0.5844239 1.837276 1
-0.06933261 0.05317569 1.929058 1
-0.02067655 -0.2755728 1.981453 1
0.008623221 -0.5373675 1.937779 1
0.03908552 -0.5959604 1.908064 1
-0.1200557 0.1027017 1.930851 1
-0.1356113 0.1872242 1.973559 1
-0.005938172 0.6020713 2.022418 1
0.03797036 0.7510864 2.059451 1
-0.1055098 0.4650527 1.873074 1
-0.1646126 0.5896468 1.646189 1
-0.1012485 0.6145551 1.459194 1
-0.09410467 0.6316154 1.402131 1
0.07686641 0.4310957 2.09 1
0.1312172 0.3730587 2.306178 1
0.1902806 0.3625962 2.539959 1
0.2380028 0.3728015 2.574839 1
-0.1813687 0.07609388 1.909209 1
-0.1643011 -0.2819884 1.91647 1
-0.1816924 -0.5472398 1.888804 1
-0.1245654 -0.5833862 1.836948 1
-0.07623009 0.04804391 1.932155 1
-0.01964988 -0.2762625 1.981906 1
0.008873435 -0.5432649 1.942573 1
0.04138057 -0.5991539 1.909948 1
-0.1213072 0.1015379 1.929909 1
-0.1377036 0.1861135 1.972353 1
-0.01070856 0.6017566 2.023027 1
0.0374141 0.7494897 2.06013 1
-0.1066158 0.4632612 1.873021 1
-0.1752378 0.5655261 1.633582 1
-0.09005918 0.5952114 1.456937 1
-0.05588684 0.5942104 1.407647 1
0.07198488 0.4307981 2.090474 1
0.1264205 0.3727845 2.306617 1
0.1802147 0.3167885 2.500343 1
0.2270789 0.3239943 2.537796 1
-0.1815482 0.0754132 1.909866 1
-0.1755953 -0.3215368 1.897559 1
-0.1833091 -0.5516518 1.887397 1
-0.1255446 -0.587688 1.836165 1
-0.07892121 0.04786253 1.929209 1
-0.0159844 -0.281302 1.982659 1
0.007004648 -0.5521579 1.949316 1
0.03793335 -0.6079937 1.915093 1
-0.1217337 0.09706579 1.929816 1
-0.1391495 0.1809075 1.971825 1
-0.01556548 0.5907218 2.022591 1
0.03394943 0.7380102 2.057983 1
-0.1086911 0.4465972 1.871594 1
-0.1809286 0.535904 1.62122 1
-0.09575105 0.5694132 1.445326 1
-0.06735853 0.5805829 1.390853 1
0.06707931 0.4197822 2.089883 1
0.1215305 0.3617935 2.306008 1
0.1763921 0.3022192 2.467978 1
0.2211588 0.2981504 2.508623 1
-0.1824534 0.06943924 1.909321 1
-0.1793078 -0.3470156 1.876408 1
-0.188266 -0.5632678 1.894199 1
-0.1680667 -0.6061403 1.839428 1
-0.07854338 0.04571641 1.930395 1
-0.01489448 -0.2832654 1.982462 1
0.006535241 -0.5500175 1.946293 1
0.0341785 -0.6087846 1.914227 1
-0.1224836 0.09297297 1.928826 1
-0.1406685 0.1750285 1.970258 1
-0.01899366 0.5710784 2.019358 1
0.02721559 0.7194639 2.057498 1
-0.1098854 0.4263833 1.86796 1
-0.1905576 0.5198902 1.622209 1
-0.1364718 0.5242728 1.430474 1
-0.1423696 0.5262263 1.462245 1
0.06362072 0.4001524 2.086547 1
0.119708 0.3271726 2.298154 1
0.1931108 0.2921433 2.459216 1
0.2500441 0.2756492 2.507668 1
-0.1833865 0.06331044 1.911503 1
-0.1793369 -0.3317239 1.856599 1
-0.1859463 -0.5541456 1.874196 1
-0.1273231 -0.5901955 1.823944 1
-0.0788375 0.04408185 1.92827 1
-0.02557951 -0.2829213 1.969522 1
0.002572465 -0.5338439 1.937543 1
0.06119565 -0.5698939 1.887291 1
-0.1246106 0.112494 1.919616 1
-0.140224 0.1836053 1.967233 1
-0.01911402 0.5645188 2.02027 1
0.02416809 0.7138016 2.058946 1
-0.1095327 0.4197963 1.868809 1
-0.1993513 0.5167167 1.628131 1
-0.141541 0.523269 1.437645 1
-0.1525626 0.5233913 1.463922 1
0.06212329 0.3395784 2.055993 1
0.1075442 0.3199514 2.280008 1
0.2029137 0.296422 2.426986 1
0.2683316 0.2816446 2.472669 1
-0.1791419 0.09830793 1.874645 1
-0.1741776 -0.2531391 1.838922 1
-0.1808434 -0.5461998 1.869987 1
-0.1252619 -0.5808401 1.815464 1
-0.08520025 0.04901951 1.928927 1
-0.02608877 -0.287735 1.969881 1
-0.01461879 -0.5374368 1.934337 1
0.04096277 -0.5720771 1.879814 1
-0.123537 0.1232623 1.918442 1
-0.1414116 0.1955509 1.96379 1
-0.0194145 0.5645898 2.0207 1
0.02009153 0.7148725 2.062922 1
-0.1097264 0.4198591 1.869185 1
-0.2059353 0.5228077 1.634066 1
-0.1492131 0.5347878 1.44348 1
-0.1551894 0.5463395 1.38491 1
0.04426725 0.4058771 2.054849 1
0.1046402 0.3316512 2.265029 1
0.2034601 0.3073601 2.409812 1
0.2725952 0.2997234 2.451657 1
-0.1755575 0.09779182 1.863771 1
-0.146806 -0.3183702 1.845162 1
-0.1850826 -0.5296623 1.870779 1
-0.1271375 -0.5649297 1.819167 1
-0.09342138 0.06175061 1.944723 1
-0.04407733 -0.2858278 1.954785 1
-0.01871064 -0.5377454 1.93224 1
0.01046253 -0.5992791 1.907509 1
-0.1094356 0.1658703 1.919172 1
-0.1291849 0.23015 1.966791 1
-0.02067174 0.5715982 2.024649 1
0.0158021 0.7226387 2.067858 1
-0.1386438 0.4785316 1.868976 1
-0.216477 0.5547771 1.633309 1
-0.1538087 0.5745274 1.445412 1
-0.1422242 0.5777594 1.386613 1
0.04372071 0.4231942 2.058326 1
0.1062984 0.3490278 2.26797 1
0.2059062 0.3137023 2.410162 1
0.2758087 0.3162953 2.451395 1
-0.1688521 0.1202108 1.864974 1
-0.1445189 -0.2963717 1.851078 1
-0.1866531 -0.5082496 1.870665 1
-0.1314275 -0.5412886 1.814757 1
-0.07367205 0.1024085 1.942664 1
-0.08629657 -0.2831541 1.927593 1
-0.02369382 -0.5349444 1.929796 1
0.01810876 -0.5904865 1.909349 1
-0.1120419 0.1641665 1.918109 1
-0.1306037 0.2300932 1.966026 1
-0.02342986 0.5822039 2.022556 1
0.01305639 0.7329537 2.071218 1
-0.1354254 0.4828407 1.868591 1
-0.2120636 0.587808 1.64498 1
-0.1857307 0.6331967 1.452664 1
-0.1466242 0.6179228 1.409757 1
0.04626115 0.4162636 2.053951 1
0.1099517 0.3399386 2.262623 1
0.2030644 0.3325684 2.412548 1
0.2693938 0.3460277 2.457443 1
-0.1712781 0.1215153 1.865937 1
-0.1594465 -0.2953521 1.87062 1
-0.1907106 -0.5116014 1.875554 1
-0.135844 -0.5446336 1.819265 1
-0.07580017 0.1001935 1.940395 1
-0.1267859 -0.2491898 1.915545 1
-0.04514106 -0.5255787 1.921871 1
0.01680132 -0.5808551 1.912218 1
-0.09271131 0.174506 1.927558 1
-0.1165789 0.2411622 1.97185 1
-0.02682116 0.5997269 2.019081 1
0.01537318 0.7485518 2.072705 1
-0.1351715 0.48625 1.865333 1
-0.2046756 0.6148037 1.657854 1
-0.2602805 0.7176496 1.498981 1
-0.2781018 0.7506117 1.45206 1
0.06863596 0.3680331 2.06655 1
0.1325255 0.2919306 2.275258 1
0.1984057 0.3580954 2.432425 1
0.2658088 0.3688938 2.476473 1
-0.1543751 0.1193148 1.859179 1
-0.1154077 -0.294864 1.88186 1
-0.2261978 -0.4851164 1.870153 1
-0.1850056 -0.5740308 1.866036 1
-0.04517345 0.09022302 1.973484 1
-0.12516 -0.2522795 1.922414 1
-0.03295501 -0.5339497 1.932303 1
0.01875211 -0.5833843 1.920561 1
-0.1418056 0.1579242 1.926695 1
-0.147614 0.2357169 1.970942 1
-0.02689681 0.6021911 2.015168 1
0.01716382 0.7503862 2.06988 1
-0.1344762 0.4882506 1.86345 1
-0.1960238 0.6211043 1.677819 1
-0.2489879 0.7354301 1.526674 1
-0.2659625 0.7720707 1.482231 1
0.06908426 0.367257 2.064161 1
0.1329767 0.291151 2.272879 1
0.190198 0.3616675 2.431854 1
0.2378448 0.3744452 2.496405 1
-0.2097267 0.1186915 1.914962 1
-0.1906116 -0.2984741 1.90477 1
-0.1865661 -0.5190088 1.878126 1
-0.1340875 -0.5540889 1.82075 1
-0.1001709 0.0940825 1.917353 1
-0.1220605 -0.2635532 1.930757 1
-0.02004604 -0.5419553 1.940163 1
0.03243255 -0.5770354 1.882787 1
-0.1486459 0.1433738 1.930739 1
-0.1497672 0.2211267 1.9794 1
-0.02646786 0.6059074 2.010458 1
0.01967907 0.7533833 2.066006 1
-0.1349715 0.4882759 1.863266 1
-0.1929174 0.6206052 1.679414 1
-0.243395 0.7358791 1.528114 1
-0.2595701 0.7728176 1.483629 1
0.03099267 0.4300111 1.966971 1
0.1037405 0.4106729 2.149671 1
0.1724476 0.3795686 2.366161 1
0.2048366 0.3778134 2.440637 1
-0.2100538 0.112469 1.912355 1
-0.1999684 -0.2682666 1.889923 1
-0.1833623 -0.5569874 1.880485 1
-0.1426737 -0.5899478 1.813188 1
-0.1138776 0.08410728 1.938066 1
-0.09801941 -0.2562818 1.957634 1
-0.01630855 -0.5431699 1.943927 1
0.04699603 -0.6009016 1.959949 1
-0.1464125 0.1490093 1.93393 1
-0.1571388 0.2276234 1.975352 1
-0.02946841 0.6080788 2.00769 1
0.02470589 0.7537096 2.053983 1
-0.135987 0.5009875 1.858154 1
-0.1900997 0.6138875 1.672597 1
-0.1665997 0.646929 1.477184 1
-0.125501 0.635012 1.435083 1
0.05347801 0.4355011 2.04646 1
0.1173752 0.3593895 2.255193 1
0.1800745 0.3583931 2.43352 1
0.2216907 0.3615417 2.4952 1
-0.209272 0.1157758 1.911171 1
-0.1898177 -0.2683296 1.898881 1
-0.1839333 -0.5535032 1.880649 1
-0.1317309 -0.5895599 1.82373 1
-0.1073159 0.09006663 1.946434 1
-0.0695059 -0.2571837 1.975019 1
-0.01192442 -0.548262 1.946762 1
0.04569213 -0.6008912 1.96018 1
-0.1378358 0.1522312 1.940663 1
-0.1510498 0.2282579 1.98031 1
-0.02799706 0.5925046 1.997944 1
0.01859812 0.7410471 2.035854 1
-0.1518595 0.4552979 1.868237 1
-0.2001443 0.578868 1.62787 1
-0.1210456 0.6174421 1.449945 1
-0.09467941 0.6303002 1.394795 1
0.05520466 0.4358333 2.053927 1
0.1191092 0.359713 2.262687 1
0.181394 0.3349964 2.425221 1
0.2181416 0.3211285 2.462129 1
-0.2053738 0.1159045 1.912881 1
-0.1910184 -0.2672872 1.898449 1
-0.1848766 -0.548518 1.878987 1
-0.1351474 -0.5846553 1.819939 1
-0.09344092 0.09355817 1.958374 1
-0.01575022 -0.2721531 1.995426 1
-0.009405671 -0.5501131 1.950311 1
0.01887931 -0.6115553 1.924346 1
-0.1044189 0.07722664 1.974343 1
-0.1256066 0.154044 2.004458 1
-0.03442055 0.5220001 1.978373 1
0.01506235 0.6706542 2.006817 1
-0.1398799 0.4235435 1.863157 1
-0.2812699 0.4071202 1.71684 1
-0.1788465 0.4208034 1.531486 1
-0.1447053 0.4253645 1.473859 1
0.05827902 0.3997785 2.067505 1
0.1329847 0.2632268 2.207898 1
0.2566703 0.1925023 2.317091 1
0.317719 0.1536773 2.354037 1
-0.1611774 0.03033447 1.934465 1
-0.199827 -0.2769268 1.861532 1
-0.1862266 -0.5435691 1.866507 1
-0.1333685 -0.5814272 1.811354 1
-0.06596612 0.009096709 2.010297 1
0.04170893 -0.2968482 1.962691 1
0.02457101 -0.5338061 1.926168 1
0.07742906 -0.5716642 1.871014 1
-0.1019688 0.07737726 1.975294 1
-0.1218749 0.1533529 2.003324 1
-0.03772843 0.5175491 1.978358 1
0.006566193 0.6708679 2.003747 1
-0.1553293 0.401752 1.862791 1
-0.3072499 0.3476927 1.718249 1
-0.2631565 0.2150032 1.5811 1
-0.2176218 0.2001073 1.544943 1
0.0723837 0.396469 2.089169 1
0.1446835 0.2571309 2.197552 1
0.274784 0.1401522 2.252045 1
0.3371753 0.0889673 2.261094 1
-0.1595668 0.0271142 1.935217 1
-0.1934021 -0.3014098 1.851872 1
-0.1838893 -0.5442379 1.861893 1
-0.1315822 -0.5817171 1.805973 1
-0.05860868 0.007649673 2.01255 1
0.05518845 -0.2989542 1.949293 1
0.02900136 -0.5297357 1.921871 1
0.08130849 -0.5672149 1.865951 1
-0.09773058 0.07850784 1.974992 1
-0.1163887 0.1530422 2.002853 1
-0.04075695 0.516167 1.97908 1
-0.003098646 0.6719389 1.999622 1
-0.1664593 0.3982088 1.87202 1
-0.3365748 0.3176377 1.796618 1
-0.3124267 0.1577104 1.689671 1
-0.2854467 0.1085564 1.668261 1
0.07429091 0.3963913 2.088617 1
0.162954 0.2349324 2.164125 1
0.2807462 0.08991936 2.165108 1
0.337857 0.03559214 2.14559 1
-0.1579403 0.02553629 1.935043 1
-0.1930084 -0.3018953 1.851462 1
-0.180997 -0.5436743 1.857412 1
-0.1311247 -0.5802801 1.798752 1
-0.04775471 0.006966013 2.010426 1
0.06184047 -0.299446 1.934303 1
0.03903984 -0.5250622 1.90967 1
0.08891221 -0.561668 1.851011 1
-0.09040848 0.0863565 1.97316 1
-0.1057078 0.157923 2.004302 1
-0.04581646 0.5195895 1.981818 1
-0.02088612 0.6803576 1.995571 1
-0.1904801 0.4024415 1.902082 1
-0.3542499 0.2726243 1.879188 1
-0.317171 0.09871154 1.80797 1
-0.3083039 0.0517753 1.771612 1
0.07815984 0.400032 2.078828 1
0.1583036 0.2459043 2.124288 1
0.2585085 0.09001273 2.084831 1
0.300293 0.03404384 2.043386 1
-0.1566775 0.02653639 1.934456 1
-0.1914226 -0.2948661 1.853436 1
-0.1808166 -0.5430273 1.855773 1
-0.1394643 -0.5776128 1.789726 1
-0.03231807 0.01408129 2.004855 1
0.06363542 -0.2976289 1.920319 1
0.04406558 -0.520768 1.903782 1
0.08541787 -0.5553536 1.837735 1
-0.08340514 0.101114 1.971015 1
-0.09547492 0.1709422 2.004698 1
-0.05394481 0.5311843 1.985524 1
-0.03901534 0.7004677 1.994828 1
-0.2026106 0.4179146 1.927498 1
-0.3508818 0.2594731 1.964476 1
-0.3256435 0.08556503 1.88733 1
-0.3167744 0.03861824 1.850964 1
0.08315677 0.4161138 2.063768 1
0.154221 0.2521348 2.09517 1
0.2446108 0.1096388 2.001529 1
0.2801764 0.06009445 1.947867 1
-0.1537363 0.03356627 1.934905 1
-0.1902378 -0.2915186 1.863306 1
-0.1818858 -0.5431926 1.85772 1
-0.1492056 -0.5759175 1.786091 1
-0.01963598 0.02961521 1.996906 1
0.06008794 -0.2953951 1.902771 1
0.04611454 -0.5220431 1.904687 1
0.07879475 -0.554768 1.833058 1
-0.07957858 0.1150848 1.969833 1
-0.08869709 0.1844696 2.005646 1
-0.06414637 0.5491275 1.990571 1
-0.0600949 0.7235231 1.995757 1
-0.2097965 0.4299218 1.947709 1
-0.336745 0.2636575 2.038824 1
-0.3204404 0.09503895 1.946609 1
-0.3266929 0.04990999 1.907476 1
0.08424247 0.4357736 2.045559 1
0.1583897 0.2667425 2.052481 1
0.260781 0.1496242 1.935814 1
0.2907071 0.1051479 1.874749 1
-0.1502824 0.04745163 1.939354 1
-0.1912564 -0.292851 1.885456 1
-0.1919092 -0.538542 1.875469 1
-0.174617 -0.6023974 1.84586 1
-0.01163185 0.04695743 1.987674 1
0.05559594 -0.2905772 1.886785 1
0.06439435 -0.5142664 1.892965 1
0.08847221 -0.5455996 1.817404 1
-0.07731305 0.1255919 1.968038 1
-0.08312292 0.1943957 2.005789 1
-0.07378047 0.5613114 1.992921 1
-0.07521138 0.7310102 1.994607 1
-0.2184891 0.4447488 1.965755 1
-0.3211006 0.2786531 2.099982 1
-0.3507722 0.1177902 1.996412 1
-0.3606627 0.06416918 1.966048 1
0.07965862 0.4474099 2.020388 1
0.1872711 0.2950962 2.01248 1
0.2938919 0.1891273 1.888388 1
0.2984626 0.1690802 1.840932 1
-0.1475962 0.05731855 1.943705 1
-0.1846165 -0.2943886 1.916095 1
-0.1908593 -0.53601 1.878754 1
-0.1769425 -0.5665068 1.800339 1
-0.006218464 0.06146638 1.977112 1
0.05449772 -0.289243 1.878338 1
0.09411175 -0.5389205 1.92426 1
0.1080285 -0.5694172 1.845844 1
-0.07581439 0.1326948 1.966292 1
-0.07908244 0.2010384 2.005916 1
-0.08256276 0.5703676 1.996775 1
-0.08801943 0.7360951 1.995413 1
-0.2247357 0.4525018 1.977656 1
-0.2971937 0.3067576 2.147271 1
-0.3836142 0.1554033 2.066377 1
-0.4003882 0.0990541 2.010158 1
0.07763493 0.4535465 1.99915 1
0.2167519 0.3226345 1.975658 1
0.330052 0.2345973 1.842888 1
0.3388952 0.2160433 1.810301 1
-0.145933 0.06290253 1.945646 1
-0.1773234 -0.2992943 1.932183 1
-0.1778755 -0.5433476 1.90664 1
-0.1915095 -0.5932643 1.855862 1
-0.002668242 0.0686997 1.970239 1
0.05088777 -0.2908345 1.875569 1
0.1007996 -0.5446194 1.927631 1
0.1064912 -0.5745665 1.847972 1
-0.07378991 0.1348289 1.964687 1
-0.07366178 0.2028928 2.005733 1
-0.08951508 0.5740641 1.997649 1
-0.1012984 0.737731 1.996243 1
-0.2270022 0.4527545 1.984908 1
-0.2989054 0.3177429 2.162379 1
-0.3949653 0.1570072 2.147876 1
-0.4289098 0.1064746 2.093861 1
0.06701997 0.4619915 1.969587 1
0.2481034 0.3541977 1.931844 1
0.3736184 0.2736268 1.80613 1
0.4043496 0.2619536 1.764495 1
-0.1417116 0.06510084 1.948931 1
-0.1671112 -0.3033013 1.942984 1
-0.1739929 -0.5446692 1.917315 1
-0.1938049 -0.5948421 1.868866 1
0.002428874 0.07499821 1.959434 1
0.04812337 -0.2921804 1.875303 1
0.1017682 -0.5465003 1.92889 1
0.09792991 -0.5764208 1.8491 1
-0.06797998 0.133598 1.961249 1
-0.06524059 0.2027197 2.003774 1
-0.09555787 0.5742227 1.997291 1
-0.1167213 0.7370495 1.996908 1
-0.2293975 0.4340971 2.003193 1
-0.2949349 0.3152949 2.192724 1
-0.4075376 0.1688074 2.149492 1
-0.4028347 0.2013057 2.117176 1
0.05286274 0.4672899 1.946028 1
0.2627256 0.3870124 1.888489 1
0.4082855 0.3150173 1.782666 1
0.4351273 0.2976293 1.746879 1
-0.1274074 0.06117444 1.955924 1
-0.1576413 -0.3103795 1.951247 1
-0.174193 -0.5442154 1.918097 1
-0.1883522 -0.6069858 1.884666 1
0.009232713 0.07628679 1.94526 1
0.04866362 -0.2982641 1.879778 1
0.1028372 -0.5466247 1.930562 1
0.08732541 -0.5769222 1.852337 1
-0.05452412 0.121224 1.950593 1
-0.04927896 0.1941463 1.994041 1
-0.09900903 0.5721531 1.996464 1
-0.129403 0.7312129 1.995911 1
-0.2190307 0.4126561 2.016451 1
-0.2966755 0.3073943 2.209062 1
-0.4267311 0.1746221 2.220165 1
-0.4836091 0.1390361 2.174036 1
0.02645234 0.4597532 1.918192 1
0.2592037 0.4054103 1.852488 1
0.4237468 0.3577254 1.764171 1
0.4632833 0.3543364 1.733183 1
-0.1087909 0.0503717 1.958223 1
-0.144344 -0.3137754 1.953851 1
-0.1772853 -0.5504499 1.933685 1
-0.1722048 -0.6073668 1.88904 1
0.0162763 0.07174107 1.924878 1
0.05127589 -0.2998186 1.886122 1
0.1048934 -0.5479493 1.93191 1
0.07604381 -0.5790018 1.857871 1
-0.04713485 0.1019534 1.951611 1
-0.03613833 0.1789017 1.990755 1
-0.1013438 0.5682781 1.99499 1
-0.1438245 0.7128674 1.993809 1
-0.2159576 0.4032671 2.043368 1
-0.2887351 0.3005146 2.237962 1
-0.4277697 0.1772974 2.249529 1
-0.4924328 0.141007 2.215826 1
0.005639233 0.4457802 1.903336 1
0.2508913 0.4123209 1.824385 1
0.4252645 0.396384 1.745335 1
0.4762163 0.4086219 1.71085 1
-0.09313543 0.03551537 1.964982 1
-0.1355968 -0.3213282 1.956727 1
-0.1604439 -0.5403367 1.926143 1
-0.2008597 -0.5732888 1.858626 1
0.01511066 0.06136417 1.924659 1
0.06235509 -0.3074028 1.892797 1
0.1089888 -0.5488571 1.930049 1
0.06857303 -0.5818092 1.862531 1
-0.03188773 0.07120072 1.94632 1
-0.02188089 0.1521441 1.984954 1
-0.105452 0.5562307 1.991935 1
-0.1535363 0.6991809 1.9914 1
-0.1848982 0.3671533 2.017287 1
-0.270885 0.3037389 2.222571 1
-0.3955787 0.1925733 2.294796 1
-0.4371433 0.1555181 2.32303 1
-0.01078004 0.4303283 1.894794 1
0.2335242 0.4165141 1.80443 1
0.4063609 0.423324 1.720104 1
0.4515657 0.4450658 1.689067 1
-0.06592433 0.006748221 1.970049 1
-0.1321338 -0.3260096 1.958795 1
-0.1585393 -0.5446407 1.923768 1
-0.201693 -0.5787256 1.858558 1
0.01924962 0.04033682 1.913537 1
0.0650798 -0.3088155 1.89355 1
0.1090497 -0.5551651 1.942868 1
0.06589592 -0.58925 1.877658 1
-0.001063477 0.01653435 1.920417 1
0.008042054 0.09662028 1.960622 1
-0.1094245 0.4917215 1.988063 1
-0.1643653 0.632821 1.99021 1
-0.1690886 0.2980728 2.018228 1
-0.2424231 0.257073 2.232761 1
-0.3491905 0.1684056 2.346012 1
-0.4090992 0.1214527 2.317094 1
-0.02210974 0.3747975 1.8892 1
0.2007719 0.3915303 1.745396 1
0.3578342 0.4201925 1.625318 1
0.3904288 0.4585868 1.592372 1
-0.03079405 -0.0458513 1.9425 1
-0.1347861 -0.3677836 1.955071 1
-0.1545593 -0.5871748 1.92318 1
-0.2067324 -0.569819 1.87596 1
0.0484092 -0.007653499 1.883736 1
0.08226492 -0.3550354 1.884731 1
0.1115023 -0.5595338 1.941896 1
0.06289287 -0.5950525 1.881513 1
