310 195 1913 1
309 180 1969 1
310 77 2028 1
312 27 2015 1
266 109 1976 1
243 176 1968 1
226 225 1900 1
225 235 1890 1
354 110 2013 1
373 176 2002 1
400 220 1936 1
404 231 1912 1
290 215 1882 1
273 327 1895 1
269 402 1885 1
278 423 1880 1
331 216 1905 1
334 323 1908 1
335 396 1905 1
338 411 1824 1
310 195 1912 1
309 180 1970 1
310 76 2028 1
312 27 2017 1
266 109 1976 1
243 176 1970 1
225 225 1903 1
224 235 1895 1
354 110 2013 1
374 175 2002 1
401 219 1932 1
412 238 1896 1
290 215 1881 1
273 328 1895 1
269 402 1885 1
277 423 1881 1
331 216 1905 1
334 323 1908 1
335 396 1905 1
338 411 1824 1
310 195 1912 1
309 180 1970 1
310 76 2029 1
313 27 2019 1
267 109 1978 1
243 176 1970 1
225 225 1904 1
224 235 1895 1
354 110 2013 1
374 175 2002 1
403 218 1929 1
414 237 1893 1
290 215 1881 1
273 328 1895 1
269 402 1885 1
277 423 1881 1
331 216 1905 1
334 323 1908 1
335 396 1904 1
338 411 1823 1
311 195 1912 1
309 180 1970 1
310 76 2029 1
313 27 2021 1
267 109 1978 1
243 176 1971 1
225 225 1904 1
224 235 1895 1
354 110 2014 1
374 175 2002 1
404 217 1926 1
414 236 1888 1
290 215 1881 1
273 328 1895 1
269 402 1884 1
269 418 1804 1
331 216 1905 1
335 323 1907 1
335 396 1904 1
338 411 1823 1
311 196 1912 1
309 180 1970 1
310 76 2030 1
313 27 2023 1
267 109 1978 1
243 176 1971 1
226 225 1903 1
225 236 1895 1
355 110 2016 1
374 175 2002 1
404 216 1923 1
415 235 1883 1
290 215 1880 1
273 328 1894 1
269 402 1884 1
270 418 1803 1
331 216 1905 1
335 323 1907 1
335 396 1903 1
339 411 1823 1
311 196 1912 1
309 180 1971 1
310 76 2031 1
313 27 2025 1
267 109 1979 1
244 175 1971 1
227 225 1900 1
224 242 1885 1
355 110 2017 1
374 174 2001 1
404 216 1921 1
415 235 1882 1
290 215 1880 1
273 328 1894 1
269 402 1884 1
270 418 1804 1
331 216 1905 1
335 323 1907 1
335 396 1903 1
339 411 1822 1
311 196 1912 1
309 180 1971 1
310 76 2031 1
313 27 2028 1
268 109 1980 1
244 175 1972 1
228 224 1896 1
226 235 1883 1
355 110 2018 1
374 174 2001 1
403 216 1921 1
414 236 1881 1
290 215 1881 1
273 328 1894 1
269 403 1884 1
269 418 1804 1
331 216 1905 1
335 323 1906 1
335 396 1903 1
339 411 1822 1
311 196 1913 1
309 180 1972 1
310 76 2032 1
313 27 2029 1
268 110 1981 1
244 177 1968 1
228 226 1888 1
227 235 1875 1
355 110 2019 1
374 175 2000 1
403 217 1921 1
413 236 1882 1
291 215 1881 1
273 329 1894 1
269 402 1884 1
277 423 1882 1
331 216 1905 1
335 323 1906 1
335 397 1903 1
339 412 1822 1
311 196 1913 1
310 180 1973 1
310 76 2033 1
312 27 2031 1
268 110 1982 1
244 178 1965 1
229 227 1882 1
225 244 1858 1
355 110 2019 1
374 175 2000 1
401 218 1922 1
411 238 1883 1
291 216 1883 1
273 329 1894 1
269 403 1884 1
277 423 1882 1
332 216 1905 1
335 323 1906 1
335 397 1903 1
339 412 1822 1
311 196 1914 1
310 180 1973 1
310 76 2033 1
312 27 2032 1
268 111 1982 1
245 178 1966 1
230 226 1882 1
225 242 1858 1
354 111 2019 1
374 175 2000 1
400 219 1924 1
410 239 1886 1
291 216 1883 1
274 329 1894 1
269 403 1884 1
277 423 1882 1
332 216 1905 1
335 323 1906 1
335 397 1902 1
339 412 1821 1
311 196 1914 1
310 181 1974 1
310 76 2034 1
312 27 2032 1
268 111 1983 1
245 178 1965 1
230 227 1878 1
226 243 1854 1
354 111 2020 1
374 175 2001 1
400 220 1927 1
409 240 1889 1
291 216 1883 1
274 329 1894 1
269 403 1884 1
277 423 1882 1
332 216 1905 1
335 323 1906 1
335 397 1902 1
339 412 1821 1
311 197 1914 1
310 181 1974 1
310 76 2034 1
312 27 2033 1
268 111 1983 1
245 178 1964 1
231 227 1877 1
226 243 1853 1
354 111 2020 1
374 176 2002 1
399 221 1932 1
408 241 1895 1
291 216 1884 1
274 329 1895 1
269 403 1884 1
269 418 1803 1
332 216 1905 1
335 323 1906 1
335 397 1902 1
339 412 1821 1
311 197 1914 1
310 181 1974 1
310 76 2034 1
312 28 2033 1
268 111 1984 1
245 179 1964 1
231 227 1877 1
226 243 1852 1
354 111 2021 1
374 176 2003 1
399 222 1937 1
402 232 1911 1
291 216 1884 1
274 330 1895 1
269 403 1884 1
277 423 1882 1
332 217 1905 1
335 323 1906 1
335 397 1901 1
339 412 1821 1
311 197 1915 1
310 181 1975 1
310 76 2034 1
312 28 2033 1
268 111 1984 1
245 179 1964 1
231 227 1877 1
226 243 1851 1
355 111 2022 1
374 176 2004 1
399 222 1939 1
402 232 1915 1
291 216 1885 1
274 330 1895 1
269 403 1884 1
277 423 1882 1
332 217 1905 1
335 323 1906 1
335 397 1901 1
339 412 1821 1
311 197 1915 1
310 181 1975 1
310 76 2034 1
312 28 2033 1
268 111 1984 1
245 179 1964 1
230 228 1879 1
225 244 1855 1
355 111 2022 1
374 177 2006 1
399 223 1942 1
402 233 1920 1
291 216 1885 1
274 330 1896 1
269 403 1884 1
277 423 1882 1
332 217 1906 1
335 323 1906 1
335 397 1901 1
339 412 1821 1
311 197 1915 1
310 181 1975 1
310 76 2034 1
312 28 2033 1
268 112 1984 1
245 179 1965 1
230 228 1881 1
225 244 1858 1
355 112 2023 1
374 178 2007 1
399 224 1946 1
402 233 1925 1
291 216 1885 1
274 330 1896 1
269 403 1884 1
277 423 1882 1
332 217 1906 1
335 323 1907 1
335 397 1901 1
339 412 1820 1
312 197 1916 1
310 181 1976 1
310 76 2034 1
312 28 2033 1
268 112 1985 1
245 179 1967 1
229 227 1883 1
225 244 1862 1
355 112 2023 1
375 178 2008 1
399 224 1948 1
402 234 1929 1
291 216 1886 1
274 330 1896 1
269 403 1884 1
278 423 1881 1
332 217 1907 1
335 323 1907 1
335 397 1901 1
339 412 1820 1
312 197 1916 1
310 181 1976 1
310 76 2034 1
312 28 2033 1
268 112 1985 1
245 179 1970 1
229 227 1886 1
225 244 1866 1
355 112 2023 1
375 178 2009 1
400 224 1950 1
403 234 1930 1
292 216 1886 1
275 330 1895 1
269 403 1884 1
278 423 1879 1
332 217 1908 1
335 323 1907 1
335 397 1901 1
339 412 1820 1
312 197 1917 1
310 181 1977 1
310 77 2034 1
313 28 2033 1
268 112 1985 1
245 178 1972 1
229 227 1889 1
225 243 1870 1
355 112 2023 1
375 178 2010 1
400 224 1952 1
403 234 1931 1
292 216 1886 1
275 331 1891 1
269 404 1882 1
279 424 1875 1
333 217 1909 1
336 324 1907 1
335 397 1901 1
339 412 1820 1
313 197 1920 1
311 181 1979 1
310 76 2034 1
313 28 2032 1
268 111 1984 1
244 175 1979 1
231 224 1899 1
226 241 1879 1
355 112 2024 1
375 178 2011 1
400 224 1953 1
403 234 1933 1
293 216 1888 1
275 332 1882 1
268 405 1878 1
278 425 1867 1
334 217 1916 1
337 325 1906 1
336 397 1899 1
340 412 1818 1
315 197 1924 1
312 180 1982 1
311 76 2033 1
314 28 2029 1
268 111 1982 1
244 173 1983 1
231 222 1906 1
228 239 1888 1
355 112 2025 1
375 178 2011 1
397 226 1952 1
404 234 1933 1
294 216 1890 1
274 331 1862 1
267 406 1870 1
273 428 1859 1
336 217 1922 1
340 326 1901 1
337 397 1895 1
341 412 1815 1
316 196 1926 1
313 180 1984 1
312 76 2030 1
315 28 2027 1
268 109 1976 1
244 172 1984 1
233 222 1912 1
229 239 1896 1
356 112 2029 1
375 179 2011 1
397 227 1952 1
404 235 1930 1
295 216 1890 1
270 331 1845 1
265 406 1862 1
266 422 1782 1
337 217 1928 1
343 326 1896 1
339 397 1890 1
344 412 1809 1
316 196 1927 1
313 180 1984 1
312 77 2026 1
316 29 2024 1
268 108 1969 1
244 171 1983 1
233 221 1915 1
230 238 1900 1
357 115 2033 1
375 181 2011 1
397 228 1950 1
406 235 1926 1
295 216 1890 1
268 327 1834 1
260 407 1842 1
263 423 1763 1
338 217 1931 1
349 322 1891 1
341 399 1883 1
347 414 1803 1
317 196 1927 1
313 180 1984 1
312 78 2021 1
318 30 2023 1
269 109 1960 1
242 170 1980 1
233 221 1917 1
230 238 1903 1
357 118 2037 1
374 184 2009 1
399 230 1946 1
413 248 1910 1
297 216 1889 1
265 324 1821 1
257 406 1826 1
261 422 1747 1
338 218 1933 1
354 319 1886 1
344 400 1875 1
352 415 1797 1
318 200 1926 1
313 184 1980 1
312 82 2016 1
322 36 2016 1
269 111 1954 1
236 170 1964 1
229 222 1904 1
228 240 1897 1
355 123 2045 1
373 186 2013 1
401 229 1942 1
415 246 1903 1
299 220 1882 1
268 326 1822 1
257 406 1822 1
257 430 1792 1
339 221 1935 1
358 322 1869 1
349 400 1870 1
358 415 1792 1
318 201 1925 1
313 185 1980 1
312 83 2015 1
321 36 2015 1
269 112 1952 1
236 169 1962 1
225 220 1890 1
222 237 1874 1
355 123 2045 1
372 186 2018 1
401 228 1943 1
415 245 1902 1
299 221 1881 1
271 329 1822 1
257 407 1821 1
262 423 1744 1
339 222 1936 1
360 325 1855 1
352 402 1863 1
361 417 1786 1
318 203 1924 1
313 186 1979 1
313 83 2015 1
321 36 2014 1
271 114 1952 1
236 169 1962 1
222 218 1879 1
218 232 1856 1
355 123 2045 1
372 186 2022 1
401 227 1942 1
414 244 1900 1
299 222 1881 1
271 330 1822 1
262 405 1813 1
267 421 1735 1
338 224 1934 1
361 327 1839 1
355 402 1856 1
364 418 1779 1
316 204 1921 1
314 187 1978 1
316 84 2016 1
319 36 2014 1
272 117 1961 1
238 171 1964 1
216 210 1841 1
208 228 1789 1
359 121 2025 1
380 179 2021 1
401 224 1941 1
412 243 1900 1
296 224 1884 1
272 330 1823 1
264 404 1813 1
266 420 1733 1
336 226 1917 1
362 331 1820 1
357 400 1837 1
364 416 1757 1
316 205 1917 1
314 189 1976 1
317 85 2017 1
319 36 2013 1
273 120 1967 1
239 171 1966 1
216 209 1840 1
207 227 1786 1
360 120 2021 1
383 178 2017 1
403 224 1937 1
412 244 1897 1
295 225 1884 1
272 330 1824 1
265 406 1820 1
267 422 1740 1
335 227 1910 1
361 333 1818 1
357 400 1834 1
363 416 1754 1
315 206 1916 1
314 189 1975 1
319 85 2017 1
319 36 2013 1
274 121 1973 1
239 171 1967 1
213 206 1836 1
203 223 1778 1
361 120 2019 1
384 178 2015 1
405 224 1934 1
414 244 1896 1
295 225 1884 1
271 331 1823 1
265 407 1830 1
273 429 1817 1
335 227 1907 1
357 337 1820 1
355 404 1832 1
360 420 1752 1
316 206 1916 1
315 189 1975 1
320 85 2020 1
319 36 2014 1
276 120 1978 1
240 169 1968 1
213 204 1837 1
204 220 1778 1
363 120 2022 1
384 180 2013 1
407 225 1932 1
416 245 1893 1
295 225 1884 1
270 331 1820 1
265 408 1831 1
266 424 1750 1
335 227 1907 1
350 340 1830 1
353 409 1833 1
335 423 1821 1
317 203 1917 1
316 187 1976 1
321 83 2026 1
324 33 2020 1
277 117 1977 1
237 158 1966 1
215 197 1846 1
207 214 1792 1
365 120 2030 1
383 181 2016 1
407 225 1932 1
416 245 1893 1
296 221 1883 1
268 327 1807 1
265 408 1830 1
267 424 1750 1
337 226 1910 1
348 337 1838 1
346 406 1836 1
338 428 1822 1
321 198 1917 1
317 183 1975 1
322 82 2026 1
332 31 2031 1
280 107 1962 1
231 140 1938 1
203 183 1818 1
198 200 1797 1
364 120 2047 1
381 181 2023 1
404 226 1937 1
415 244 1893 1
301 215 1874 1
267 324 1798 1
259 403 1814 1
262 427 1796 1
341 220 1919 1
346 325 1849 1
343 401 1847 1
352 417 1769 1
322 198 1919 1
318 182 1976 1
322 82 2026 1
333 31 2031 1
280 107 1961 1
224 126 1942 1
179 140 1806 1
161 149 1745 1
364 119 2052 1
379 182 2035 1
405 224 1946 1
415 241 1896 1
303 215 1874 1
269 325 1809 1
261 402 1813 1
266 418 1735 1
342 220 1927 1
352 326 1832 1
344 401 1851 1
353 417 1774 1
322 197 1921 1
319 182 1978 1
323 81 2023 1
332 30 2029 1
279 108 1972 1
224 125 1951 1
169 122 1839 1
162 120 1792 1
366 118 2045 1
380 178 2039 1
404 221 1950 1
413 238 1900 1
301 215 1883 1
272 325 1827 1
262 402 1816 1
266 418 1737 1
342 219 1927 1
354 326 1817 1
348 401 1836 1
355 416 1757 1
321 197 1922 1
320 182 1979 1
325 81 2021 1
331 30 2025 1
278 109 1983 1
225 125 1967 1
171 118 1850 1
161 116 1798 1
369 116 2030 1
385 173 2034 1
403 218 1948 1
411 237 1901 1
298 216 1891 1
272 325 1830 1
263 401 1820 1
264 417 1739 1
341 219 1923 1
354 327 1815 1
349 400 1830 1
355 415 1750 1
321 197 1922 1
321 182 1980 1
326 81 2021 1
330 30 2020 1
278 111 1998 1
226 127 1985 1
173 115 1868 1
163 113 1818 1
370 115 2021 1
391 171 2017 1
407 218 1940 1
412 238 1897 1
297 217 1897 1
272 326 1832 1
263 400 1825 1
263 416 1744 1
341 220 1918 1
352 329 1820 1
349 399 1831 1
353 415 1750 1
320 197 1924 1
321 182 1981 1
327 81 2022 1
329 30 2019 1
277 112 2015 1
227 129 2008 1
176 114 1882 1
164 112 1827 1
371 114 2017 1
392 170 2012 1
409 217 1936 1
413 238 1895 1
296 217 1903 1
272 325 1834 1
263 399 1828 1
261 415 1747 1
340 220 1915 1
348 330 1837 1
349 400 1840 1
350 415 1758 1
320 197 1926 1
322 182 1983 1
328 81 2025 1
329 30 2019 1
277 113 2027 1
228 130 2026 1
178 114 1892 1
164 113 1831 1
372 114 2017 1
393 168 2009 1
410 216 1934 1
415 236 1892 1
296 217 1907 1
271 325 1835 1
263 400 1833 1
260 416 1751 1
340 220 1914 1
345 329 1855 1
346 400 1856 1
347 416 1775 1
320 197 1927 1
322 181 1985 1
328 81 2028 1
329 30 2020 1
277 112 2035 1
229 129 2056 1
184 117 1907 1
164 115 1835 1
372 113 2017 1
393 168 2009 1
411 215 1930 1
418 235 1888 1
296 217 1907 1
271 325 1835 1
263 400 1834 1
259 416 1753 1
340 219 1913 1
345 329 1868 1
345 399 1872 1
345 414 1790 1
321 197 1927 1
323 182 1986 1
328 81 2030 1
330 31 2022 1
277 112 2035 1
230 129 2058 1
184 119 1910 1
163 120 1838 1
372 114 2018 1
392 171 2014 1
412 216 1927 1
421 235 1881 1
298 217 1907 1
271 325 1837 1
263 400 1835 1
259 416 1754 1
341 219 1913 1
346 329 1871 1
346 399 1884 1
346 414 1803 1
322 197 1928 1
323 182 1987 1
329 82 2034 1
331 31 2025 1
277 112 2035 1
230 129 2058 1
184 123 1910 1
163 126 1836 1
372 116 2021 1
391 173 2017 1
413 217 1923 1
423 235 1875 1
299 217 1905 1
271 325 1841 1
262 401 1837 1
258 416 1755 1
342 219 1914 1
348 328 1869 1
346 398 1887 1
346 413 1805 1
323 198 1928 1
324 183 1988 1
329 83 2038 1
332 32 2028 1
278 113 2034 1
230 129 2055 1
185 127 1908 1
165 133 1833 1
371 119 2023 1
390 176 2019 1
415 218 1919 1
425 235 1870 1
301 218 1900 1
272 326 1849 1
261 401 1837 1
259 416 1756 1
344 220 1915 1
352 326 1857 1
346 398 1886 1
347 413 1805 1
325 199 1928 1
325 184 1988 1
328 84 2040 1
333 34 2031 1
280 114 2030 1
231 129 2045 1
186 134 1903 1
165 145 1819 1
371 121 2028 1
390 178 2019 1
417 219 1917 1
428 236 1868 1
303 219 1898 1
274 328 1855 1
261 401 1838 1
259 416 1756 1
345 220 1916 1
353 326 1849 1
347 398 1883 1
349 413 1801 1
326 201 1928 1
326 186 1988 1
328 85 2043 1
334 35 2034 1
280 115 2030 1
230 131 2039 1
187 141 1894 1
169 151 1813 1
370 123 2026 1
392 184 2019 1
423 221 1913 1
435 238 1863 1
305 221 1896 1
275 331 1859 1
261 400 1839 1
259 416 1757 1
346 222 1917 1
354 326 1838 1
348 399 1876 1
350 414 1795 1
330 206 1925 1
329 190 1986 1
326 88 2044 1
332 38 2036 1
279 118 2038 1
229 131 2043 1
198 162 1924 1
188 168 1810 1
366 124 2018 1
395 184 2021 1
439 213 1939 1
448 218 1911 1
312 227 1896 1
278 338 1871 1
260 405 1843 1
256 421 1761 1
350 224 1913 1
357 329 1831 1
358 400 1835 1
359 416 1754 1
331 209 1924 1
331 192 1985 1
324 90 2040 1
329 40 2039 1
278 121 2042 1
230 137 2056 1
202 168 1929 1
204 169 1850 1
362 127 2001 1
403 183 2017 1
452 206 1945 1
470 209 1921 1
313 230 1899 1
280 338 1874 1
260 406 1847 1
255 421 1765 1
352 226 1911 1
358 332 1833 1
359 401 1837 1
358 416 1756 1
334 215 1926 1
334 200 1983 1
320 108 2010 1
323 51 2035 1
277 128 2041 1
231 139 2084 1
229 178 1922 1
237 185 1881 1
360 126 1990 1
420 166 2010 1
472 183 1968 1
491 183 1949 1
318 237 1911 1
286 345 1884 1
263 410 1859 1
250 429 1816 1
354 230 1910 1
359 346 1850 1
359 413 1851 1
357 430 1771 1
334 216 1928 1
334 200 1984 1
317 99 2010 1
320 49 2035 1
277 131 2042 1
238 162 2084 1
242 189 1926 1
248 195 1878 1
359 126 1981 1
422 160 2006 1
476 171 1971 1
495 169 1951 1
318 240 1920 1
287 347 1884 1
265 412 1863 1
250 428 1813 1
354 232 1909 1
359 346 1852 1
357 411 1872 1
378 414 1891 1
334 219 1932 1
334 201 1985 1
317 100 2007 1
316 53 2033 1
276 136 2043 1
242 168 2101 1
245 203 1962 1
255 210 1925 1
359 127 1973 1
425 151 1997 1
480 158 1968 1
498 154 1946 1
318 243 1932 1
287 348 1885 1
267 414 1865 1
250 425 1818 1
355 234 1910 1
358 345 1856 1
356 410 1877 1
375 418 1895 1
335 222 1936 1
336 204 1986 1
315 104 1996 1
307 62 2020 1
276 147 2050 1
251 185 2122 1
267 216 1987 1
278 223 1950 1
357 131 1950 1
428 140 1962 1
485 140 1940 1
495 133 1914 1
320 248 1949 1
288 350 1887 1
269 416 1868 1
260 407 1816 1
358 237 1907 1
360 346 1868 1
356 411 1884 1
377 410 1898 1
337 226 1940 1
338 207 1989 1
314 107 1995 1
304 66 2019 1
278 149 2053 1
257 188 2132 1
268 219 1986 1
279 226 1949 1
357 132 1947 1
428 134 1936 1
486 123 1881 1
498 117 1853 1
322 251 1956 1
290 351 1891 1
269 417 1867 1
265 417 1798 1
361 239 1906 1
365 345 1885 1
355 412 1881 1
348 428 1807 1
338 222 1948 1
339 204 1996 1
311 105 2005 1
299 64 2024 1
279 145 2075 1
259 187 2139 1
268 217 1988 1
278 224 1951 1
354 129 1946 1
428 126 1915 1
487 116 1840 1
494 112 1812 1
325 247 1972 1
294 368 1910 1
277 405 1870 1
265 422 1798 1
361 235 1907 1
368 341 1895 1
357 408 1883 1
348 425 1811 1
338 218 1959 1
340 199 2007 1
309 99 2026 1
295 59 2033 1
280 140 2087 1
261 178 2175 1
257 206 2017 1
243 212 1986 1
347 123 1948 1
424 121 1911 1
483 115 1840 1
494 110 1809 1
327 242 1984 1
303 362 1931 1
273 423 1902 1
274 414 1847 1
359 230 1917 1
371 334 1911 1
361 403 1903 1
350 419 1833 1
338 217 1961 1
340 198 2009 1
308 98 2030 1
296 57 2044 1
278 138 2094 1
260 177 2177 1
253 204 2005 1
261 219 2000 1
345 122 1949 1
421 117 1920 1
480 111 1851 1
493 105 1817 1
327 241 1984 1
304 360 1937 1
275 422 1909 1
277 414 1853 1
359 228 1919 1
372 333 1912 1
360 401 1930 1
350 417 1861 1
338 217 1962 1
340 198 2010 1
308 98 2032 1
297 57 2048 1
278 137 2096 1
259 176 2177 1
252 204 2003 1
257 220 2010 1
344 122 1950 1
420 117 1920 1
479 110 1862 1
493 103 1833 1
327 240 1984 1
304 360 1940 1
275 421 1914 1
278 413 1857 1
358 227 1920 1
371 333 1914 1
360 402 1930 1
350 418 1862 1
338 217 1962 1
339 198 2010 1
308 99 2035 1
298 58 2053 1
278 138 2097 1
258 176 2178 1
252 203 2001 1
250 214 1946 1
344 123 1952 1
419 118 1924 1
478 110 1874 1
494 102 1845 1
327 240 1982 1
303 360 1941 1
276 422 1916 1
280 410 1870 1
358 227 1920 1
368 336 1913 1
360 402 1929 1
350 418 1861 1
337 220 1955 1
338 202 2006 1
310 106 2040 1
301 62 2059 1
280 142 2092 1
256 177 2176 1
252 205 2009 1
239 216 1990 1
346 131 1958 1
421 130 1944 1
478 126 1911 1
498 116 1882 1
325 244 1974 1
300 369 1933 1
289 397 1913 1
276 413 1843 1
357 232 1905 1
364 343 1906 1
360 407 1919 1
375 419 1870 1
337 222 1950 1
338 204 2003 1
311 108 2041 1
301 65 2060 1
281 150 2082 1
254 179 2178 1
249 206 2016 1
253 213 1966 1
348 133 1962 1
422 133 1948 1
480 130 1916 1
498 121 1891 1
325 246 1968 1
302 360 1923 1
279 422 1916 1
287 407 1887 1
357 234 1900 1
363 344 1905 1
359 409 1915 1
377 415 1870 1
337 223 1946 1
338 206 2000 1
311 109 2041 1
301 66 2060 1
280 149 2088 1
254 180 2179 1
255 205 2013 1
262 212 1968 1
349 135 1966 1
423 138 1957 1
480 137 1931 1
497 128 1906 1
324 248 1958 1
302 360 1923 1
288 400 1904 1
286 423 1879 1
358 235 1898 1
363 345 1903 1
359 410 1908 1
380 410 1877 1
336 222 1946 1
337 205 2000 1
310 109 2041 1
301 66 2060 1
277 148 2098 1
252 182 2181 1
268 199 2012 1
273 207 1968 1
349 135 1967 1
423 138 1960 1
479 139 1936 1
495 131 1915 1
323 247 1958 1
303 358 1928 1
280 422 1903 1
272 416 1845 1
357 235 1898 1
363 345 1903 1
359 411 1903 1
380 407 1883 1
336 221 1946 1
337 204 2000 1
310 107 2041 1
301 65 2060 1
277 148 2094 1
251 181 2175 1
282 192 1954 1
288 201 1910 1
348 133 1968 1
422 137 1961 1
478 138 1940 1
494 131 1922 1
324 246 1958 1
309 346 1945 1
285 410 1901 1
273 426 1829 1
357 233 1899 1
365 343 1904 1
359 409 1902 1
381 415 1889 1
336 218 1950 1
337 200 2003 1
308 103 2039 1
299 62 2059 1
276 141 2099 1
251 176 2177 1
281 190 1960 1
288 198 1915 1
346 129 1965 1
420 126 1959 1
476 127 1943 1
492 122 1926 1
324 242 1964 1
309 345 1947 1
285 410 1902 1
271 427 1869 1
357 229 1904 1
367 339 1908 1
360 405 1905 1
368 423 1918 1
336 214 1954 1
337 197 2005 1
307 100 2037 1
298 60 2057 1
276 138 2098 1
252 173 2179 1
282 188 1961 1
288 197 1917 1
344 125 1960 1
419 121 1951 1
475 113 1926 1
493 107 1911 1
326 238 1972 1
312 341 1955 1
287 404 1906 1
274 420 1836 1
357 226 1908 1
366 335 1915 1
360 403 1914 1
350 419 1844 1
336 214 1959 1
338 196 2007 1
308 104 2029 1
297 58 2053 1
276 136 2096 1
253 171 2183 1
281 188 1964 1
288 196 1919 1
342 120 1953 1
416 109 1931 1
474 102 1905 1
491 93 1885 1
326 237 1980 1
312 340 1955 1
287 403 1914 1
274 420 1846 1
356 225 1917 1
366 332 1915 1
360 403 1919 1
362 418 1957 1
337 213 1960 1
338 194 2007 1
306 96 2026 1
296 56 2050 1
277 135 2096 1
255 170 2189 1
264 193 2027 1
264 202 1980 1
341 119 1949 1
416 105 1918 1
475 88 1866 1
492 79 1847 1
327 235 1982 1
311 340 1956 1
288 404 1918 1
274 421 1883 1
356 224 1917 1
366 331 1911 1
360 403 1921 1
349 419 1854 1
337 212 1961 1
339 194 2007 1
306 96 2026 1
295 56 2046 1
277 135 2094 1
258 170 2193 1
247 199 2041 1
255 209 1979 1
340 118 1946 1
416 100 1896 1
478 80 1833 1
495 69 1812 1
327 235 1983 1
308 339 1954 1
284 403 1915 1
274 422 1880 1
356 223 1918 1
366 331 1899 1
360 403 1921 1
349 420 1854 1
337 213 1961 1
339 194 2007 1
306 97 2024 1
295 56 2042 1
278 135 2091 1
260 171 2188 1
266 203 2028 1
269 215 1979 1
340 118 1943 1
416 98 1871 1
477 79 1805 1
491 69 1779 1
327 236 1983 1
304 338 1942 1
283 402 1916 1
274 422 1881 1
356 224 1918 1
365 331 1894 1
359 404 1917 1
348 420 1851 1
337 216 1959 1
339 197 2005 1
307 99 2021 1
295 59 2037 1
280 138 2087 1
261 173 2184 1
267 204 2030 1
269 216 1983 1
341 119 1938 1
418 106 1860 1
478 87 1779 1
492 77 1759 1
326 239 1983 1
301 337 1929 1
282 403 1913 1
274 424 1881 1
356 226 1914 1
365 332 1889 1
359 404 1907 1
358 417 1952 1
335 217 1958 1
338 198 2002 1
308 102 2018 1
295 61 2031 1
276 144 2115 1
259 181 2203 1
273 208 2055 1
264 211 2004 1
343 124 1932 1
420 116 1860 1
481 106 1784 1
493 99 1763 1
323 242 1983 1
297 339 1912 1
281 404 1905 1
278 427 1877 1
355 228 1912 1
364 335 1885 1
359 402 1883 1
346 418 1820 1
334 219 1955 1
337 200 2000 1
308 104 2014 1
296 64 2028 1
276 145 2117 1
259 182 2205 1
273 207 2053 1
264 211 2003 1
345 127 1930 1
421 131 1876 1
482 133 1821 1
494 123 1796 1
320 244 1979 1
292 350 1892 1
277 414 1898 1
276 435 1847 1
355 231 1908 1
364 340 1884 1
358 406 1884 1
345 422 1820 1
332 223 1953 1
335 203 1998 1
309 105 2013 1
297 64 2027 1
276 145 2116 1
258 183 2204 1
281 211 2016 1
274 218 1968 1
348 129 1934 1
423 142 1903 1
481 151 1866 1
500 147 1846 1
318 248 1973 1
292 351 1888 1
277 416 1891 1
284 432 1834 1
352 237 1910 1
364 342 1883 1
357 409 1882 1
345 425 1816 1
331 222 1953 1
334 203 2000 1
309 105 2013 1
299 63 2028 1
272 144 2119 1
255 182 2207 1
279 207 2016 1
271 214 1967 1
350 129 1947 1
424 146 1926 1
478 161 1919 1
496 160 1899 1
316 247 1968 1
292 352 1883 1
277 417 1883 1
274 436 1825 1
352 237 1911 1
364 342 1882 1
357 409 1878 1
346 426 1809 1
330 219 1952 1
332 201 2002 1
310 101 2017 1
304 54 2028 1
270 140 2099 1
238 167 2178 1
251 185 2013 1
253 198 1980 1
355 125 1968 1
422 146 1966 1
473 164 1972 1
490 165 1970 1
314 243 1959 1
293 352 1878 1
277 416 1878 1
269 435 1825 1
352 234 1916 1
365 340 1884 1
358 407 1873 1
350 423 1800 1
328 211 1953 1
329 194 2006 1
311 93 2023 1
310 45 2029 1
268 127 2076 1
231 152 2139 1
241 176 1986 1
242 188 1947 1
357 121 1981 1
421 143 2005 1
469 160 2025 1
486 164 2026 1
310 235 1947 1
294 348 1873 1
277 413 1873 1
271 435 1841 1
351 227 1930 1
367 328 1900 1
360 397 1869 1
355 412 1792 1
327 205 1956 1
327 188 2010 1
311 88 2027 1
312 39 2030 1
267 121 2061 1
225 137 2123 1
224 154 1947 1
226 159 1943 1
358 114 2001 1
417 137 2045 1
464 153 2070 1
481 157 2071 1
309 229 1944 1
294 345 1875 1
278 410 1869 1
271 427 1790 1
350 222 1940 1
367 324 1911 1
361 392 1872 1
358 408 1792 1
326 198 1962 1
324 182 2016 1
314 81 2031 1
315 31 2036 1
266 112 2035 1
221 124 2085 1
213 141 1881 1
215 153 1846 1
357 108 2015 1
415 133 2071 1
461 147 2110 1
481 150 2111 1
306 221 1944 1
293 339 1882 1
278 407 1867 1
275 423 1787 1
349 216 1951 1
366 321 1918 1
363 389 1885 1
363 404 1805 1
324 194 1966 1
322 178 2020 1
315 78 2033 1
316 30 2037 1
266 105 2009 1
216 111 2032 1
199 115 1829 1
187 111 1776 1
357 106 2028 1
412 129 2104 1
459 143 2134 1
479 145 2135 1
304 215 1944 1
289 326 1883 1
278 407 1868 1
278 424 1788 1
346 213 1961 1
362 316 1924 1
363 384 1892 1
367 399 1811 1
322 190 1969 1
319 175 2021 1
316 76 2034 1
318 28 2037 1
266 99 1990 1
212 95 1979 1
185 99 1750 1
182 97 1749 1
358 104 2050 1
413 128 2127 1
458 136 2173 1
477 137 2170 1
301 211 1942 1
286 323 1886 1
278 407 1874 1
281 423 1794 1
344 211 1967 1
361 316 1924 1
364 384 1895 1
370 399 1815 1
320 189 1971 1
316 173 2022 1
317 74 2033 1
320 28 2038 1
269 96 1964 1
211 70 1925 1
177 78 1730 1
169 78 1692 1
359 105 2071 1
411 128 2150 1
457 135 2186 1
475 133 2190 1
298 209 1939 1
282 322 1890 1
276 407 1878 1
282 423 1802 1
340 210 1979 1
357 316 1919 1
360 383 1902 1
370 398 1825 1
317 189 1973 1
312 173 2021 1
317 74 2033 1
322 28 2038 1
273 95 1944 1
206 72 1853 1
165 59 1673 1
158 60 1640 1
359 109 2085 1
409 129 2167 1
454 134 2206 1
475 132 2205 1
295 208 1936 1
277 319 1890 1
274 406 1882 1
283 422 1808 1
335 212 1989 1
355 317 1915 1
357 389 1906 1
369 404 1833 1
315 189 1974 1
309 172 2019 1
317 74 2031 1
324 28 2039 1
275 95 1925 1
211 67 1809 1
162 50 1645 1
153 45 1600 1
359 115 2111 1
404 133 2190 1
448 138 2236 1
468 135 2232 1
293 208 1930 1
273 319 1890 1
273 406 1883 1
285 422 1815 1
331 214 2001 1
352 318 1917 1
348 396 1923 1
350 418 1886 1
306 202 1965 1
300 182 2008 1
318 75 2029 1
325 30 2039 1
286 98 1904 1
215 67 1779 1
166 41 1615 1
154 39 1589 1
356 118 2111 1
392 141 2209 1
439 139 2228 1
460 137 2230 1
289 213 1926 1
272 319 1887 1
273 406 1883 1
287 421 1821 1
321 223 1987 1
348 320 1929 1
345 397 1927 1
349 418 1886 1
306 204 1966 1
299 184 2005 1
319 78 2024 1
326 33 2037 1
290 103 1896 1
219 69 1745 1
166 38 1595 1
154 28 1551 1
354 118 2129 1
387 144 2218 1
433 150 2247 1
453 147 2247 1
289 217 1930 1
271 320 1879 1
273 406 1881 1
288 422 1825 1
320 224 1987 1
344 323 1940 1
341 399 1903 1
359 414 1847 1
303 220 1961 1
296 198 1998 1
320 82 2018 1
329 39 2035 1
293 106 1892 1
231 82 1763 1
173 37 1553 1
155 23 1517 1
350 125 2117 1
381 152 2233 1
428 153 2249 1
448 151 2247 1
287 230 1942 1
273 321 1865 1
270 406 1863 1
286 422 1809 1
316 235 1968 1
337 327 1949 1
340 401 1897 1
358 416 1844 1
301 222 1959 1
295 199 1995 1
320 84 2014 1
330 43 2033 1
295 109 1891 1
228 77 1724 1
191 43 1542 1
180 33 1500 1
349 128 2113 1
379 156 2243 1
422 166 2284 1
442 165 2285 1
285 231 1941 1
275 324 1853 1
271 407 1860 1
287 423 1807 1
313 237 1966 1
334 330 1954 1
338 403 1894 1
356 419 1841 1
297 211 1943 1
292 192 1984 1
320 86 2012 1
330 45 2033 1
294 110 1891 1
231 77 1722 1
206 47 1527 1
201 36 1471 1
347 130 2104 1
374 162 2260 1
416 169 2305 1
436 171 2318 1
279 221 1886 1
274 327 1837 1
270 407 1851 1
287 423 1799 1
309 234 1972 1
331 333 1959 1
334 404 1894 1
352 419 1841 1
293 210 1934 1
289 190 1975 1
320 85 2011 1
330 45 2034 1
289 104 1885 1
242 77 1720 1
233 38 1459 1
224 20 1374 1
346 133 2101 1
359 164 2272 1
396 170 2402 1
413 171 2428 1
275 220 1893 1
272 325 1838 1
270 407 1852 1
286 423 1798 1
302 228 1935 1
322 330 1964 1
321 398 1919 1
338 414 1865 1
290 209 1927 1
286 188 1970 1
320 83 2011 1
331 43 2036 1
286 100 1879 1
252 55 1678 1
241 30 1448 1
232 11 1363 1
344 132 2087 1
354 158 2304 1
394 167 2468 1
406 163 2483 1
266 217 1898 1
268 323 1839 1
268 407 1853 1
284 424 1797 1
302 227 1932 1
320 327 1967 1
317 399 1934 1
335 414 1885 1
288 209 1929 1
285 188 1972 1
320 79 2011 1
330 40 2048 1
287 101 1877 1
253 43 1639 1
246 9 1440 1
267 12 1420 1
343 131 2084 1
354 156 2300 1
366 161 2464 1
376 160 2503 1
264 218 1921 1
268 320 1855 1
267 407 1859 1
283 423 1804 1
302 227 1929 1
312 319 1960 1
318 399 1933 1
333 414 1888 1
287 209 1932 1
283 187 1974 1
320 75 2015 1
330 36 2052 1
287 100 1875 1
262 42 1666 1
249 -6 1477 1
255 -14 1422 1
343 127 2084 1
354 152 2301 1
366 156 2509 1
374 155 2550 1
264 218 1925 1
270 320 1880 1
266 407 1869 1
282 423 1815 1
301 227 1928 1
312 320 1966 1
321 398 1932 1
333 414 1891 1
286 208 1933 1
282 185 1976 1
320 71 2019 1
331 32 2053 1
287 97 1873 1
263 38 1664 1
256 -16 1481 1
263 -24 1426 1
343 124 2088 1
354 149 2304 1
362 155 2524 1
372 154 2559 1
264 217 1927 1
271 320 1900 1
267 406 1888 1
266 429 1852 1
300 225 1927 1
313 320 1975 1
321 397 1934 1
333 415 1896 1
286 208 1934 1
282 185 1976 1
320 70 2020 1
331 31 2054 1
287 97 1873 1
264 34 1656 1
256 -19 1471 1
262 -28 1416 1
342 122 2088 1
354 148 2305 1
360 155 2528 1
370 153 2564 1
264 217 1927 1
271 325 1914 1
266 406 1890 1
282 422 1836 1
300 225 1927 1
313 320 1979 1
323 398 1935 1
332 418 1903 1
286 208 1933 1
282 185 1975 1
319 70 2021 1
331 31 2057 1
288 97 1873 1
264 34 1657 1
256 -19 1471 1
263 -28 1416 1
342 122 2089 1
353 147 2305 1
362 156 2541 1
372 153 2575 1
267 216 1914 1
274 316 1920 1
266 406 1890 1
282 422 1837 1
299 224 1929 1
314 319 1981 1
323 398 1938 1
332 418 1908 1
284 210 1931 1
281 186 1974 1
318 70 2022 1
331 32 2059 1
288 98 1873 1
263 35 1646 1
280 0 1459 1
282 -16 1402 1
341 122 2090 1
353 148 2306 1
363 158 2540 1
373 157 2575 1
266 217 1909 1
271 324 1916 1
265 406 1889 1
281 421 1837 1
297 226 1932 1
314 320 1982 1
323 400 1943 1
332 419 1910 1
284 210 1930 1
280 186 1972 1
317 70 2023 1
330 32 2060 1
287 99 1873 1
259 42 1634 1
285 7 1457 1
297 0 1408 1
340 122 2090 1
351 148 2307 1
361 168 2500 1
371 167 2538 1
266 217 1910 1
267 337 1898 1
265 407 1887 1
281 423 1836 1
297 226 1929 1
315 321 1983 1
322 402 1949 1
331 421 1915 1
284 211 1930 1
280 188 1972 1
316 73 2023 1
329 35 2058 1
287 104 1872 1
256 51 1621 1
282 15 1445 1
292 2 1391 1
338 125 2090 1
350 150 2306 1
361 170 2468 1
370 172 2509 1
265 219 1909 1
265 346 1876 1
263 410 1894 1
268 428 1839 1
297 226 1930 1
316 322 1982 1
322 401 1946 1
330 422 1914 1
284 212 1929 1
279 189 1970 1
315 78 2019 1
328 40 2057 1
286 110 1868 1
253 57 1622 1
265 31 1430 1
264 34 1462 1
337 130 2087 1
350 159 2298 1
365 172 2459 1
377 177 2508 1
265 221 1912 1
265 342 1857 1
263 409 1874 1
280 425 1824 1
297 227 1928 1
313 322 1970 1
321 397 1938 1
339 412 1887 1
283 207 1920 1
279 187 1967 1
315 80 2020 1
327 42 2059 1
287 112 1869 1
250 59 1628 1
264 32 1438 1
260 36 1464 1
337 146 2056 1
347 160 2280 1
368 170 2427 1
382 175 2473 1
265 210 1875 1
266 319 1839 1
265 407 1870 1
281 423 1815 1
295 225 1929 1
312 323 1970 1
316 399 1934 1
332 414 1880 1
283 203 1918 1
279 183 1964 1
315 80 2021 1
326 42 2063 1
286 112 1869 1
248 57 1634 1
261 28 1443 1
256 15 1385 1
332 127 2055 1
346 156 2265 1
368 167 2410 1
384 170 2452 1
266 210 1864 1
275 339 1845 1
263 402 1871 1
280 417 1819 1
293 222 1945 1
307 324 1955 1
314 399 1932 1
323 419 1908 1
287 191 1919 1
282 173 1967 1
314 79 2025 1
324 40 2068 1
278 94 1869 1
244 46 1633 1
259 13 1445 1
261 2 1387 1
332 123 2058 1
347 152 2268 1
369 166 2410 1
384 166 2451 1
268 203 1865 1
275 331 1851 1
263 395 1871 1
279 410 1815 1
298 210 1943 1
294 324 1928 1
313 398 1930 1
325 417 1909 1
287 191 1918 1
282 173 1966 1
313 76 2023 1
324 38 2071 1
279 92 1869 1
246 36 1645 1
247 -8 1453 1
261 -9 1410 1
333 124 2054 1
348 154 2263 1
368 161 2413 1
383 160 2457 1
268 203 1866 1
271 330 1871 1
262 396 1876 1
277 411 1819 1
298 211 1940 1
282 314 1916 1
307 396 1922 1
325 414 1912 1
293 188 1928 1
286 170 1972 1
312 70 2019 1
324 34 2073 1
279 91 1865 1
249 28 1658 1
221 -32 1499 1
211 -54 1452 1
339 138 2067 1
353 167 2275 1
367 156 2432 1
381 155 2476 1
273 203 1859 1
285 330 1882 1
251 388 1870 1
263 416 1866 1
307 214 1973 1
283 315 1922 1
310 398 1932 1
326 414 1921 1
278 193 1927 1
277 172 1971 1
312 69 2015 1
325 33 2070 1
279 90 1863 1
253 29 1678 1
227 -34 1527 1
217 -57 1482 1
339 138 2064 1
353 167 2273 1
365 155 2432 1
374 154 2496 1
257 205 1915 1
263 330 1905 1
263 398 1878 1
278 414 1821 1
290 212 1917 1
284 318 1931 1
314 400 1940 1
330 415 1883 1
276 198 1931 1
277 176 1979 1
312 68 2010 1
325 32 2066 1
279 90 1863 1
254 29 1679 1
229 -34 1528 1
220 -57 1484 1
329 115 1967 1
348 131 2150 1
362 148 2366 1
368 152 2441 1
257 206 1912 1
260 321 1890 1
264 409 1880 1
275 426 1813 1
286 215 1938 1
291 315 1958 1
315 400 1944 1
334 415 1960 1
277 196 1934 1
275 174 1975 1
312 67 2008 1
327 30 2054 1
278 86 1858 1
255 30 1673 1
256 -9 1477 1
270 -12 1435 1
335 118 2046 1
350 149 2255 1
362 156 2434 1
371 157 2495 1
257 205 1911 1
263 321 1899 1
264 408 1881 1
279 425 1824 1
289 214 1946 1
300 314 1975 1
317 401 1947 1
333 415 1960 1
279 195 1941 1
276 174 1980 1
312 71 1998 1
325 32 2036 1
274 101 1868 1
250 37 1628 1
272 -2 1450 1
281 -17 1395 1
335 119 2054 1
350 149 2263 1
363 161 2425 1
371 165 2462 1
259 205 1913 1
263 320 1898 1
264 407 1879 1
278 424 1820 1
293 213 1958 1
315 318 1995 1
317 401 1950 1
326 422 1924 1
290 218 1974 1
284 196 2004 1
310 89 1978 1
324 49 2007 1
277 110 1863 1
226 105 1717 1
253 83 1531 1
264 75 1474 1
336 130 2068 1
354 172 2208 1
383 193 2317 1
397 203 2354 1
272 231 1934 1
259 325 1862 1
263 406 1867 1
278 423 1811 1
301 237 2010 1
332 326 1963 1
327 398 1926 1
344 415 1871 1
291 218 1975 1
285 196 2003 1
309 91 1978 1
322 49 2004 1
272 117 1863 1
218 124 1718 1
225 162 1581 1
240 166 1545 1
340 132 2089 1
358 173 2198 1
390 204 2252 1
405 218 2261 1
273 232 1935 1
260 333 1852 1
264 407 1862 1
278 424 1806 1
303 238 2013 1
336 328 1949 1
329 397 1922 1
345 414 1866 1
292 217 1975 1
287 196 2003 1
308 91 1979 1
319 48 2000 1
269 118 1872 1
213 139 1797 1
214 187 1690 1
222 203 1668 1
340 132 2089 1
363 178 2164 1
394 216 2165 1
410 231 2146 1
273 232 1935 1
260 333 1851 1
264 407 1857 1
278 424 1799 1
306 238 2010 1
338 328 1934 1
332 397 1910 1
347 413 1851 1
294 215 1973 1
290 195 2004 1
307 90 1982 1
314 45 1996 1
263 119 1902 1
212 157 1879 1
220 209 1808 1
221 223 1772 1
341 130 2079 1
363 174 2124 1
391 215 2085 1
404 230 2043 1
274 232 1934 1
261 331 1853 1
264 407 1856 1
275 424 1790 1
311 236 2005 1
339 329 1920 1
333 396 1904 1
347 413 1838 1
296 211 1971 1
293 191 2005 1
304 87 1986 1
309 39 1995 1
260 116 1927 1
218 165 1964 1
221 214 1887 1
222 228 1851 1
343 125 2064 1
362 171 2095 1
390 209 2002 1
402 222 1948 1
275 230 1935 1
262 329 1863 1
264 407 1858 1
272 424 1786 1
314 232 1997 1
338 329 1903 1
334 397 1905 1
345 413 1833 1
297 207 1970 1
295 187 2006 1
302 82 1991 1
303 33 1996 1
258 114 1948 1
226 166 2039 1
226 212 1947 1
222 225 1907 1
344 118 2046 1
364 166 2052 1
397 196 1936 1
409 208 1875 1
276 226 1939 1
262 329 1885 1
262 404 1875 1
266 426 1846 1
317 227 1988 1
337 328 1887 1
339 395 1893 1
348 411 1817 1
298 204 1968 1
296 185 2006 1
299 79 1993 1
298 31 1995 1
257 111 1966 1
233 164 2100 1
220 206 1996 1
215 221 1966 1
343 113 2020 1
373 156 2012 1
409 183 1888 1
413 188 1841 1
277 223 1944 1
265 328 1916 1
262 403 1879 1
264 420 1800 1
318 222 1977 1
337 328 1878 1
348 400 1924 1
353 416 1846 1
298 201 1966 1
297 183 2006 1
296 77 1997 1
295 29 1995 1
255 109 1978 1
241 158 2147 1
214 197 2066 1
206 212 2010 1
342 110 1999 1
383 147 1976 1
422 167 1843 1
427 172 1810 1
277 222 1946 1
268 328 1932 1
267 403 1907 1
261 423 1856 1
319 220 1970 1
335 329 1876 1
350 401 1928 1
353 418 1848 1
299 201 1965 1
299 182 2006 1
294 76 1998 1
291 29 1996 1
255 110 1985 1
241 156 2162 1
215 198 2148 1
203 211 2094 1
339 106 1970 1
393 135 1932 1
438 153 1806 1
451 155 1764 1
278 221 1949 1
271 329 1943 1
268 402 1917 1
261 422 1869 1
321 218 1959 1
335 329 1875 1
350 402 1929 1
350 418 1849 1
300 201 1961 1
301 182 2004 1
293 76 1997 1
287 29 1997 1
255 116 2003 1
243 158 2193 1
212 195 2149 1
211 186 2117 1
336 103 1946 1
399 123 1888 1
451 139 1783 1
462 143 1747 1
283 222 1956 1
274 331 1951 1
268 402 1918 1
263 424 1885 1
323 218 1945 1
335 331 1880 1
350 402 1931 1
347 418 1852 1
304 204 1951 1
306 184 1994 1
292 76 1996 1
283 31 1996 1
258 123 2016 1
243 161 2209 1
210 195 2220 1
193 203 2174 1
328 103 1918 1
400 115 1852 1
457 124 1764 1
473 123 1733 1
288 225 1958 1
278 332 1954 1
268 403 1934 1
268 424 1889 1
325 219 1925 1
336 331 1886 1
351 402 1932 1
343 418 1858 1
306 210 1952 1
310 189 1991 1
291 77 1995 1
279 36 1994 1
260 127 2043 1
246 163 2238 1
211 195 2250 1
193 204 2216 1
322 106 1903 1
399 111 1824 1
459 110 1745 1
479 104 1711 1
293 230 1965 1
280 334 1957 1
272 400 1926 1
258 416 1859 1
324 222 1925 1
339 333 1893 1
352 402 1930 1
341 418 1863 1
311 219 1946 1
314 196 1985 1
290 80 1992 1
276 39 1991 1
268 136 2017 1
250 162 2223 1
222 192 2295 1
213 202 2323 1
317 110 1895 1
394 108 1804 1
455 99 1720 1
473 89 1689 1
301 238 1970 1
281 335 1959 1
273 402 1924 1
258 418 1859 1
326 228 1914 1
340 333 1894 1
352 403 1943 1
340 419 1878 1
320 235 1920 1
322 212 1961 1
289 99 1988 1
273 58 1990 1
272 156 2018 1
258 174 2233 1
235 199 2346 1
219 210 2317 1
313 127 1889 1
386 112 1745 1
446 92 1625 1
460 75 1592 1
311 253 1943 1
281 347 1955 1
274 414 1923 1
257 414 1876 1
335 242 1884 1
345 348 1885 1
353 405 1942 1
339 421 1882 1
